CPsCorrida = 16
CarroCorrida = 571
InteriorCorrida = 7
WorldCorrida = 0
record = 123
RacePosX_1 = -1396.29174804
RacePosY_1 = -192.78784179
RacePosZ_1 = 1051.02954101
RacePosX_2 = -1277.66381835
RacePosY_2 = -163.81024169
RacePosZ_2 = 1050.14318847
RacePosX_3 = -1344.13342285
RacePosY_3 = -282.37719726
RacePosZ_3 = 1045.92175292
RacePosX_4 = -1428.36889648
RacePosY_4 = -131.88912963
RacePosZ_4 = 1044.84045410
RacePosX_5 = -1531.07910156
RacePosY_5 = -210.48693847
RacePosZ_5 = 1050.22009277
RacePosX_6 = -1463.68518066
RacePosY_6 = -279.80276489
RacePosZ_6 = 1050.08813476
RacePosX_7 = -1394.40368652
RacePosY_7 = -168.04907226
RacePosZ_7 = 1050.87182617
RacePosX_8 = -1266.48083496
RacePosY_8 = -229.81150817
RacePosZ_8 = 1050.40026855
RacePosX_9 = -1408.61999511
RacePosY_9 = -150.76832580
RacePosZ_9 = 1043.54492187
RacePosX_10 = -1528.14318847
RacePosY_10 = -223.60026550
RacePosZ_10 = 1050.24560546
RacePosX_11 = -1399.45520019
RacePosY_11 = -225.81195068
RacePosZ_11 = 1050.60693359
RacePosX_12 = -1277.71044921
RacePosY_12 = -164.66998291
RacePosZ_12 = 1050.15136718
RacePosX_13 = -1407.70886230
RacePosY_13 = -152.32492065
RacePosZ_13 = 1043.50085449
RacePosX_14 = -1530.50659179
RacePosY_14 = -225.00190734
RacePosZ_14 = 1050.24890136
RacePosX_15 = -1408.74157714
RacePosY_15 = -268.07669067
RacePosZ_15 = 1050.68518066
RacePosX_16 = -1383.99487304
RacePosY_16 = -142.58848571
RacePosZ_16 = 1050.68054199
StartRacePosX_1 = -1403.07458496
StartRacePosY_1 = -224.65638732
StartRacePosZ_1 = 1051.05749511
StartRacePosR_1 = 356.27847290
StartRacePosX_2 = -1394.69372558
StartRacePosY_2 = -224.78640747
StartRacePosZ_2 = 1051.06201171
StartRacePosR_2 = 356.27847290
StartRacePosX_3 = -1399.18688964
StartRacePosY_3 = -224.07824707
StartRacePosZ_3 = 1051.06506347
StartRacePosR_3 = 356.27847290
StartRacePosX_4 = -1394.68908691
StartRacePosY_4 = -219.26788330
StartRacePosZ_4 = 1051.10119628
StartRacePosR_4 = 356.27847290
StartRacePosX_5 = -1398.47790527
StartRacePosY_5 = -218.59941101
StartRacePosZ_5 = 1051.10583496
StartRacePosR_5 = 356.27847290
StartRacePosX_6 = -1402.72192382
StartRacePosY_6 = -217.85346984
StartRacePosZ_6 = 1051.11120605
StartRacePosR_6 = 356.27847290
StartRacePosX_7 = -1402.00524902
StartRacePosY_7 = -213.38487243
StartRacePosZ_7 = 1051.18066406
StartRacePosR_7 = 356.27847290
StartRacePosX_8 = -1397.96374511
StartRacePosY_8 = -212.98857116
StartRacePosZ_8 = 1051.18884277
StartRacePosR_8 = 357.94958496
StartRacePosX_9 = -1394.12695312
StartRacePosY_9 = -212.87080383
StartRacePosZ_9 = 1051.19274902
StartRacePosR_9 = 357.94958496
StartRacePosX_10 = 0.00000000
StartRacePosY_10 = 0.00000000
StartRacePosZ_10 = 0.00000000
StartRacePosR_10 = 0.00000000
