TemDono = 1
Dono = Trevor_LTC
Descricao = CASSINO
Extorcao = Nenhum
EX = 1555.44372558
EY = -1201.61779785
EZ = 20.01144409
ExX = 2016.66931152
ExY = 1017.69299316
ExZ = 996.87500000
Level = 3
Preco = 1
CustoEntrada = 5000
Till = 50000
Locked = 0
Interior = 10
Produtos = 18766
MaxProdutos = 0
PrecoProdutos = 1500
ProdutosRequeridos = 1500
Mundo = 0
World = 0
