TemDono = 0
Dono = The State
Descricao = Sub Urban
Extorcao = Ninguém
EX = 971.76513671
EY = -1122.45227050
EZ = 23.84657859
ExX = 203.75720214
ExY = -49.87390136
ExZ = 1001.80468750
Level = 1
Preco = 1
CustoEntrada = 5000
Till = 612200
Locked = 1
Interior = 1
Produtos = 8268
MaxProdutos = 0
PrecoProdutos = 99999
ProdutosRequeridos = 26278
Mundo = 0
World = 0
