TemDono = 1
Dono = Wsy_Zny
Descricao = Bar do Zezinho
Extorcao = Ninguém
EX = 1419.17687988
EY = -1623.91796875
EZ = 13.54687500
ExX = -794.93621826
ExY = 490.63238525
ExZ = 1376.19531250
Level = 1
Preco = 1000000
CustoEntrada = 5000
Till = 110000
Locked = 0
Interior = 1
Produtos = 18657
MaxProdutos = 0
PrecoProdutos = 9
ProdutosRequeridos = 200
Mundo = 0
World = 0
