ÿTemDono = 1
Dono = xZu_OwneRSF
Descricao = Banco de Los Santos
Extorcao = Ninguém
EX = 1462.39575195
EY = -1012.39117431
EZ = 26.84379959
ExX = 325.27093505
ExY = 114.03628540
ExZ = 1007.96569824
Level = 50
Preco = 10000000
CustoEntrada = 5000
Till = 706408
Locked = 0
Interior = 0
Mundo = 10
Produtos = 18119
MaxProdutos = 0
PrecoProdutos = 10
ProdutosRequeridos = 27691
TemDono = 1
World = 10
