TemDono = 0
Dono = The State
Descricao = Redsands West Cassino
Extorcao = Nenhum
EX = 555.29254150
EY = -1470.07885742
EZ = 14.84119701
ExX = 1133.11206054
ExY = -9.69130039
ExZ = 1000.67968750
Level = 1
Preco = 1
CustoEntrada = 5000
Till = 50000
Locked = 0
Interior = 12
Produtos = 19309
MaxProdutos = 0
PrecoProdutos = 10
ProdutosRequeridos = 28974
Mundo = 0
World = 0
