TemDono = 0
Dono = Geloo_
Descricao = Loja de Armas Centro
Extorcao = Ninguém
EX = 1366.17614746
EY = -1279.86791992
EZ = 13.54687500
ExX = 285.73379516
ExY = -86.13790130
ExZ = 1001.52288818
Level = 1
Preco = 1
CustoEntrada = 1000
Till = 18369491
Locked = 0
Interior = 4
Produtos = 17072
MaxProdutos = 0
PrecoProdutos = 10
ProdutosRequeridos = 35295
Mundo = 0
World = 0
