TemDono = 1
Dono = Pedo_Balboa
Descricao = Loja de Armas 1
Extorcao = Nenhum
EX = 1069.49865722
EY = -1873.67626953
EZ = 13.54687500
ExX = 285.63580322
ExY = -40.92760086
ExZ = 1001.51562500
Level = 1
Preco = 1
CustoEntrada = 200
Till = 7778108
Locked = 0
Interior = 1
Produtos = 18289
MaxProdutos = 0
PrecoProdutos = 100
ProdutosRequeridos = 28827
Mundo = 0
World = 0
