TemDono = 1
Dono = Player_GamerBr
Descricao = cassino four dragon
Extorcao = Nenhum
EX = 1022.45080566
EY = -1121.77197265
EZ = 23.87176895
ExX = 2234.05493164
ExY = 1711.98010253
ExZ = 1011.68572998
Level = 1
Preco = 1
CustoEntrada = 1000
Till = 119000
Locked = 0
Interior = 1
Produtos = 20377
MaxProdutos = 0
PrecoProdutos = 60
ProdutosRequeridos = 27861
Mundo = 0
World = 0
