TemDono = 1
Dono = SubCmd_Tellor24BPM
Descricao = MEmpresa
Extorcao = Nenhum
EX = 1518.83813476
EY = -1452.17065429
EZ = 14.20312500
ExX = 315.58630371
ExY = -142.53610229
ExZ = 999.60162353
Level = 2
Preco = 1
CustoEntrada = 1000
Till = 10231513
Locked = 0
Interior = 7
Descricao = MEmpresa
Produtos = 15736
MaxProdutos = 0
PrecoProdutos = 10
ProdutosRequeridos = 31776
Mundo = 0
World = 0
