TemDono = 1
EX = 1153.96655273
EY = -1772.16931152
EZ = 16.59919357
ExX = 453.33804321
ExY = -18.18666076
ExZ = 1001.13281250
Level = 24
Preco = 1
CustoEntrada = 5000
Till = 100045017
Locked = 0
Interior = 1
Produtos = 9999901
MaxProdutos = 0
PrecoProdutos = 0
ProdutosRequeridos = 0
Dono = Dr_Felipe
Extorcao = Ninguém
Descricao = Venda de Telefones
Mundo = 0
World = 0
