Modelo = 0
CarroX = 0.00000000
CarroY = 0.00000000
CarroZ = 0.00000000
CarroA = 0.00000000
cor1 = 0
cor2 = 0
Valor = 0
Licence = 0
TemDono = 0
Trancado = 0
Grana = 0
Entrada = 0
Date = 0
OCarroX = 0.00000000
OCarroY = 0.00000000
OCarroZ = 0.00000000
OCarroA = 0.00000000
