Modelo = 0
CarroX = 1244.06823730
CarroY = -1265.59082031
CarroZ = 13.55965042
CarroA = 185.52456665
cor1 = 0
cor2 = 0
Valor = 0
Licence = 0
TemDono = 0
Trancado = 0
Grana = 0
Entrada = 0
Date = 199
OCarroX = 0.00000000
OCarroY = 0.00000000
OCarroZ = 0.00000000
OCarroA = 0.00000000
