TemDono = 0
Dono = O estado
Descricao = *** Eventos de Admin ( /entrarevento )***
Extorcao = Nenhum
EX = 1766.46386718
EY = -1397.22302246
EZ = 15.75781250
Level = 999
Preco = 999999999
CustoEntrada = 5000
Till = 3220000
Locked = 1
Produtos = 20554
MaxProdutos = 0
PrecoProdutos = 99999
ProdutosRequeridos = 35052
