TemDono = 1
Dono = Yellow_Card
Descricao = GoldenBall - Paintball para maiores
Extorcao = Ninguém
EX = 1310.25451660
EY = -1367.70031738
EZ = 13.53956031
Level = 10
Preco = 25000000
CustoEntrada = 5000
Till = 0
Locked = 0
Produtos = 17954
MaxProdutos = 0
PrecoProdutos = 90000
ProdutosRequeridos = 28473
