TemDono = 0
Dono = Ninguem
Descricao = Grocery's Store - Aberto 24/7
Extorcao = Nenhum
EX = 1317.60937500
EY = -1183.56579589
EZ = 23.59646415
Level = 22
Preco = 12000000
CustoEntrada = 10000
Till = 14156500
Locked = 0
Produtos = 17584
MaxProdutos = 0
PrecoProdutos = 10
ProdutosRequeridos = 29084
