TemDono = 0
Dono = The State
Descricao = AutoParts - Pintando Veiculos
Extorcao = Ninguém
EX = 1020.86572265
EY = -1030.52966308
EZ = 32.04412841
Level = 7
Preco = 6000000
CustoEntrada = 8000
Till = 256100
Locked = 1
Produtos = 22155
MaxProdutos = 0
PrecoProdutos = 10
ProdutosRequeridos = 27064
