TemDono = 0
Dono = The State
Descricao = Cemitério.
Extorcao = Ninguém
EX = 931.91790771
EY = -1071.14123535
EZ = 24.29619979
Level = 16
Preco = 3000000
CustoEntrada = 99999
Till = 499820
Locked = 1
Produtos = 24333
MaxProdutos = 0
PrecoProdutos = 99999
ProdutosRequeridos = 6777
