TemDono = 0
Dono = The State
Descricao = Homies - Upgrade para sua Casa
Extorcao = Ninguém
EX = 2350.00000000
EY = -1411.80004882
EZ = 23.99230003
Level = 17
Preco = 9500000
CustoEntrada = 0
Till = 57050
Locked = 1
Produtos = 17757
MaxProdutos = 0
PrecoProdutos = 10
ProdutosRequeridos = 25979
