TemDono = 0
Dono = The State
Descricao = Vicky - Roupas na Moda
Extorcao = Ninguém
EX = 2237.87280273
EY = -1663.35949707
EZ = 15.47656250
Level = 1
Preco = 5000000
CustoEntrada = 5000
Till = 4502700
Locked = 0
Produtos = 20173
MaxProdutos = 0
PrecoProdutos = 10
ProdutosRequeridos = 31594
