TemDono = 0
Dono = The State
Descricao = Latas Personalizadas - Crack
Extorcao = Ninguém
EX = 1615.87365722
EY = -1493.68444824
EZ = 14.22669601
Level = 10
Preco = 7000000
CustoEntrada = 5000
Till = 52120
Locked = 1
Produtos = 16733
MaxProdutos = 0
PrecoProdutos = 10
ProdutosRequeridos = 35104
