TemDono = 0
Dono = The State
Descricao = InterNational - Consertos e Guinchos de Imóveis
Extorcao = Ninguém
EX = 2634.91479492
EY = -1432.01916503
EZ = 30.45953559
Level = 14
Preco = 5000000
CustoEntrada = 80000
Till = 47850
Locked = 1
Produtos = 23541
MaxProdutos = 0
PrecoProdutos = 10
ProdutosRequeridos = 2000
