TemDono = 0
Dono = The State
Descricao = Transfender - Equipamentos para seu Veiculo
Extorcao = Ninguém
EX = 1044.95886230
EY = -1026.83435058
EZ = 32.10156250
Level = 8
Preco = 4000000
CustoEntrada = 500
Till = 877100
Locked = 1
Produtos = 13606
MaxProdutos = 0
PrecoProdutos = 10
ProdutosRequeridos = 32990
