TemDono = 0
Dono = The State
Descricao = Posto Maximuns - Abastecimento
Extorcao = Ninguém
EX = -77.47502136
EY = -1136.39880371
EZ = 1.07812500
Level = 45
Preco = 45000000
CustoEntrada = 800
Till = 57512
Locked = 1
Produtos = 17974
MaxProdutos = 0
PrecoProdutos = 10
ProdutosRequeridos = 9999999
