TemDono = 0
Dono = The State
Descricao = Los Santos - Locação de Aeronaves
Extorcao = Ninguém
EX = 1892.74670410
EY = -2244.09887695
EZ = 13.54689502
Level = 19
Preco = 14000000
CustoEntrada = 50000
Till = 160100
Locked = 1
Produtos = 22598
MaxProdutos = 0
PrecoProdutos = 10
ProdutosRequeridos = 32509
