TemDono = 0
Dono = The State
Descricao = Megafone - Anuncios LS
Extorcao = Nenhum
EX = 1210.24841308
EY = -1748.89355468
EZ = 13.59381103
Level = 30
Preco = 30000000
CustoEntrada = 800
Till = 3936700
Locked = 0
Produtos = 20855
MaxProdutos = 0
PrecoProdutos = 10
ProdutosRequeridos = 33352
