TemDono = 1
Dono = Alexis_Ren
Descricao = Amazonas Energia
Extorcao = Ninguém
EX = 1081.25878906
EY = -1697.23706054
EZ = 13.54687500
Level = 15
Preco = 8000000
CustoEntrada = 5000
Till = 19914000
Locked = 0
Produtos = 17328
MaxProdutos = 0
PrecoProdutos = 99999
ProdutosRequeridos = 9999999
