PosX = 2025.22338867
PosY = -1420.30480957
PosZ = 17.82666587
PosA = 323.08712768
Interior = 0
