PosX = -1605.12060546
PosY = -699.30645751
PosZ = 1.96093750
PosA = 145.19549560
Interior = 0
