PosX = 1571.77087402
PosY = -1697.63146972
PosZ = 5.61368417
PosA = 274.51306152
Interior = 0
