PosX = 175.41769409
PosY = -1318.30590820
PosZ = 70.08338165
PosA = 286.70803833
Interior = 0
