PosX = 363.03042602
PosY = 169.05918884
PosZ = 1008.38281250
PosA = 37.24608993
Interior = 3
