PosX = 2.89248609
PosY = 25.04602050
PosZ = 1199.59375000
PosA = 351.21603393
Interior = 1
Dinheiro = 6775500
