PosX = 355.91009521
PosY = -2070.98291015
PosZ = 33.85987854
PosA = 0.00000000
Interior = 0
