PosX = 629.70440673
PosY = -1766.81787109
PosZ = 19.72630310
PosA = 0.00000000
Interior = 0
