PosX = 1787.46569824
PosY = -2315.75878906
PosZ = 13.38281250
PosA = 107.23421478
Interior = 0
