PosX = 1658.80712890
PosY = -2287.99877929
PosZ = -1.21149539
PosA = 146.66854858
Interior = 0
