PosX = 1552.40417480
PosY = -1675.71813964
PosZ = 16.19531250
PosA = 250.62762451
Interior = 0
