PosX = 630.60418701
PosY = -1769.37084960
PosZ = 19.39299774
PosA = 0.00000000
Interior = 0
