PosX = 198.77044677
PosY = -1320.74291992
PosZ = 70.11682891
PosA = 212.40623474
Interior = 0
