PosX = 2519.49560546
PosY = -1859.16711425
PosZ = 13.36251831
PosA = 330.88259887
Interior = 0
