PosX = 1578.09008789
PosY = -2273.65063476
PosZ = 13.31354331
PosA = 168.64739990
Interior = 0
