PosX = 369.23596191
PosY = -1720.59155273
PosZ = 6.98433303
PosA = 92.86170196
Interior = 0
