PosX = -638.31896972
PosY = -116.44398498
PosZ = 84.59024810
PosA = 75.75263977
Interior = 0
