PosX = 2256.75659179
PosY = -1658.09741210
PosZ = 20.90776824
PosA = 0.00000000
Interior = 0
