PosX = 0.00000000
PosY = 0.00000000
PosZ = 0.00000000
PosA = 0.00000000
Interior = 0
