PosX = 187.08247375
PosY = -41.76564788
PosZ = 1.42968750
PosA = 346.21319580
Interior = 0
