PosX = 2130.19677734
PosY = -1668.22241210
PosZ = 22.50400924
PosA = 0.00000000
Interior = 0
