PosX = 1351.35595703
PosY = -1730.53417968
PosZ = 32.32728958
PosA = 0.00000000
Interior = 0
