PosX = 1554.97802734
PosY = -2332.76586914
PosZ = 13.55465507
PosA = 327.48782348
Interior = 0
