PosX = 803.64617919
PosY = 720.90887451
PosZ = 1014.17071533
PosA = 26.62098693
Interior = 10
