Dinheiro = 0
Materiais = 0
Maconha = 0
Cocaina = 0
Crack = 0
DarMaconha = 0
ComMaconha = 0
ComMateriais = 0
PagMaconha = 0
PagMateriais = 0
Vip = 0
Diasvip = 0
DiaVIP = 0
MesVIP = 0
AnoVIP = 0
DiaLíder = 567
Modelo = 0
CarroX = 0.00000000
CarroY = 0.00000000
CarroZ = 0.00000000
CarroA = 0.00000000
cor1 = 0
cor2 = 0
Dono = Ninguém
Descricao = Nenhuma
Valor = 0
Licence = 0
TemDono = 0
Trancado = 0
Grana = 0
Entrada = 0
Date = 0
OCarroX = 0.00000000
OCarroY = 0.00000000
OCarroZ = 0.00000000
OCarroA = 0.00000000
