FREE_DONO = Zona_Oeste
FREE_X = 2147.94995117
FREE_Y = -1166.39489746
FREE_Z = 23.69739532
FREE_R = 268.44256591
FREE_PRECO = 8000000
FREE_PARCELAS = 0
FREE_ALUGUEL = 5000
FREE_TOTALPAGO = 8000000
FREE_COR1 = 15
FREE_COR2 = 15
FREE_TEMDONO = true
FREE_MODELO = 405
FREE_CASH = 0
