FREE_DONO = Razer_ClowN
FREE_X = 2148.24438476
FREE_Y = -1148.14013671
FREE_Z = 24.21486282
FREE_R = 265.90850830
FREE_PRECO = 6000000
FREE_PARCELAS = 0
FREE_ALUGUEL = 5000
FREE_TOTALPAGO = 6000000
FREE_COR1 = 3
FREE_COR2 = 3
FREE_TEMDONO = true
FREE_MODELO = 401
FREE_CASH = 0
