FREE_DONO = Victor_FaStt
FREE_X = 1996.65014648
FREE_Y = -2648.37475585
FREE_Z = 13.72617340
FREE_R = 0.70733088
FREE_PRECO = 52000000
FREE_PARCELAS = 0
FREE_ALUGUEL = 5000
FREE_TOTALPAGO = 52000000
FREE_COR1 = 1
FREE_COR2 = 1
FREE_TEMDONO = true
FREE_MODELO = 487
FREE_CASH = 15000
