FREE_DONO = Well_Gomes
FREE_X = 2148.82519531
FREE_Y = -1138.53137207
FREE_Z = 25.57097244
FREE_R = 268.71112060
FREE_PRECO = 5000000
FREE_PARCELAS = 0
FREE_ALUGUEL = 5000
FREE_TOTALPAGO = 5000000
FREE_COR1 = 1
FREE_COR2 = 1
FREE_TEMDONO = true
FREE_MODELO = 418
FREE_CASH = 0
