FREE_DONO = Astoncio_Han
FREE_X = 1984.38964843
FREE_Y = -2648.16674804
FREE_Z = 13.72363376
FREE_R = 2.36716556
FREE_PRECO = 52000000
FREE_PARCELAS = 0
FREE_ALUGUEL = 5000
FREE_TOTALPAGO = 52000000
FREE_COR1 = 0
FREE_COR2 = 0
FREE_TEMDONO = true
FREE_MODELO = 487
FREE_CASH = 25000
