FREE_DONO = KeuuL_OwnarD
FREE_X = 2148.87573242
FREE_Y = -1143.29516601
FREE_Z = 24.76435852
FREE_R = 268.99639892
FREE_PRECO = 11000000
FREE_PARCELAS = 5
FREE_ALUGUEL = 5000
FREE_TOTALPAGO = 0
FREE_COR1 = 1
FREE_COR2 = 1
FREE_TEMDONO = true
FREE_MODELO = 419
FREE_CASH = 0
