FREE_DONO = T1T4n_NL
FREE_X = 2148.29980468
FREE_Y = -1152.94628906
FREE_Z = 23.77012062
FREE_R = 268.84020996
FREE_PRECO = 7000000
FREE_PARCELAS = 0
FREE_ALUGUEL = 5000
FREE_TOTALPAGO = 7000000
FREE_COR1 = 1
FREE_COR2 = 1
FREE_TEMDONO = true
FREE_MODELO = 402
FREE_CASH = 60000
