FREE_DONO = Farao_Killer
FREE_X = 944.64141845
FREE_Y = -1947.04028320
FREE_Z = 0.24811199
FREE_R = 108.24961853
FREE_PRECO = 82000000
FREE_PARCELAS = 0
FREE_ALUGUEL = 5000
FREE_TOTALPAGO = 82000000
FREE_COR1 = 1
FREE_COR2 = 1
FREE_TEMDONO = true
FREE_MODELO = 454
FREE_CASH = 30000
