FREE_DONO = Kaiser_Killer
FREE_X = 951.45623779
FREE_Y = -1955.66430664
FREE_Z = 0.18041694
FREE_R = 110.18730926
FREE_PRECO = 82000000
FREE_PARCELAS = 0
FREE_ALUGUEL = 5000
FREE_TOTALPAGO = 82000000
FREE_COR1 = 3
FREE_COR2 = 3
FREE_TEMDONO = true
FREE_MODELO = 454
FREE_CASH = 35001
