FREE_DONO = Lixo_x1
FREE_X = 2160.70996093
FREE_Y = -1173.00463867
FREE_Z = 23.56749916
FREE_R = 89.70240783
FREE_PRECO = 14000000
FREE_PARCELAS = 10
FREE_ALUGUEL = 5000
FREE_TOTALPAGO = 1400000
FREE_COR1 = 1
FREE_COR2 = 1
FREE_TEMDONO = true
FREE_MODELO = 426
FREE_CASH = 75000
