FREE_DONO = Nunu_Spielberg
FREE_X = 2161.37084960
FREE_Y = -1152.82165527
FREE_Z = 23.67014503
FREE_R = 89.20068359
FREE_PRECO = 36000000
FREE_PARCELAS = 0
FREE_ALUGUEL = 5000
FREE_TOTALPAGO = 36000000
FREE_COR1 = 0
FREE_COR2 = 0
FREE_TEMDONO = true
FREE_MODELO = 411
FREE_CASH = 80001
