FREE_X = 0.00000000
FREE_Y = 0.00000000
FREE_Z = 0.00000000
FREE_R = 0.00000000
FREE_PRECO = 0
FREE_PARCELAS = 0
FREE_ALUGUEL = 0
FREE_TOTALPAGO = 0
FREE_COR1 = 0
FREE_COR2 = 0
FREE_TEMDONO = false
FREE_MODELO = 560
FREE_CASH = 0
