FREE_DONO = Igor_Elite
FREE_X = 2160.56054687
FREE_Y = -1168.06250000
FREE_Z = 23.60049629
FREE_R = 88.09545898
FREE_PRECO = 18000000
FREE_PARCELAS = 0
FREE_ALUGUEL = 5000
FREE_TOTALPAGO = 18000000
FREE_COR1 = 1
FREE_COR2 = 1
FREE_TEMDONO = true
FREE_MODELO = 424
FREE_CASH = 30000
