FREE_DONO = jadson_scarface
FREE_X = 940.39050292
FREE_Y = -1924.64672851
FREE_Z = -0.04477053
FREE_R = 108.36446380
FREE_PRECO = 82000000
FREE_PARCELAS = 0
FREE_ALUGUEL = 5000
FREE_TOTALPAGO = 82000000
FREE_COR1 = 0
FREE_COR2 = 0
FREE_TEMDONO = true
FREE_MODELO = 454
FREE_CASH = 45000
