FREE_DONO = Fodones_321
FREE_X = 943.43524169
FREE_Y = -1935.03454589
FREE_Z = 0.27832198
FREE_R = 107.89763641
FREE_PRECO = 82000000
FREE_PARCELAS = 0
FREE_ALUGUEL = 5000
FREE_TOTALPAGO = 82000000
FREE_COR1 = 0
FREE_COR2 = 0
FREE_TEMDONO = true
FREE_MODELO = 454
FREE_CASH = 15000
