FREE_DONO = DonCorleone_xRvSx
FREE_X = 2148.06616210
FREE_Y = -1157.36791992
FREE_Z = 23.58622169
FREE_R = 270.69689941
FREE_PRECO = 4000000
FREE_PARCELAS = 0
FREE_ALUGUEL = 5000
FREE_TOTALPAGO = 4000000
FREE_COR1 = 1
FREE_COR2 = 1
FREE_TEMDONO = true
FREE_MODELO = 404
FREE_CASH = 0
