FREE_DONO = SGT_RzO
FREE_X = 2160.89770507
FREE_Y = -1163.06188964
FREE_Z = 23.70406913
FREE_R = 88.68321990
FREE_PRECO = 12000000
FREE_PARCELAS = 7
FREE_ALUGUEL = 5000
FREE_TOTALPAGO = 0
FREE_COR1 = 2
FREE_COR2 = 2
FREE_TEMDONO = true
FREE_MODELO = 421
FREE_CASH = 15001
