FREE_DONO = Bob_Marley157
FREE_X = 2160.89501953
FREE_Y = -1148.18566894
FREE_Z = 24.23169326
FREE_R = 90.05310821
FREE_PRECO = 15000000
FREE_PARCELAS = 0
FREE_ALUGUEL = 5000
FREE_TOTALPAGO = 15000000
FREE_COR1 = 1
FREE_COR2 = 1
FREE_TEMDONO = true
FREE_MODELO = 412
FREE_CASH = 20000
