hEntx = 264.04757690
hEnty = -1769.60986328
hEntz = 4.44582509
hExitx = 234.08430480
hExity = 1064.68957519
hExitz = 1084.21081542
hHx = 0
hHy = 0
hHz = 0
hAx = 0
hAy = 0
hAz = 0
Dono = O estado
Descricao = Casa VIP
Valor = 2
Hel = 0
Arm = 0
Interior = 6
Lock = 1
TemDono = 0
Rooms = 0
Rent = 200
Rentabil = 1
Takings = 800
Veiculo = 587
color1 = -1
color2 = -1
Data = 65
Nivel = 2
World = 143
Carrox = 263.97198486
Carroy = -1776.31542968
Carroz = 3.95090007
Carroa = 178.78480529
Component0 = 0
Component1 = 0
Component2 = 0
Component3 = 0
Component4 = 0
Component5 = 0
Component6 = 0
Component7 = 1079
Component8 = 0
Component9 = 1087
Component10 = 0
Component11 = 0
Component12 = 0
Component13 = 0
PaintJob = 0
Neon = 5
VerData = 06/03/2015 as 21:44:51
