hEntx = -2640.99218750
hEnty = 935.37219238
hEntz = 71.95312500
hExitx = 234.08430480
hExity = 1064.68957519
hExitz = 1084.21081542
hHx = 0
hHy = 0
hHz = 0
hAx = 0
hAy = 0
hAz = 0
Dono = O estado
Descricao = Casa Free
Valor = 500000
Hel = 0
Arm = 0
Interior = 6
Lock = 1
TemDono = 0
Rooms = 0
Rent = 200
Rentabil = 1
Takings = 0
Veiculo = 587
color1 = -1
color2 = -1
Data = 223
Nivel = 7
World = 61
Carrox = -2635.72631835
Carroy = 932.63677978
Carroz = 71.64289855
Carroa = 179.71040344
Neon = 0
