hEntx = 1314.46044921
hEnty = 2524.30981445
hEntz = 10.82030200
hExitx = 2324.41992187
hExity = -1145.56835937
hExitz = 1050.71008300
hHx = 0
hHy = 0
hHz = 0
hAx = 0
hAy = 0
hAz = 0
Dono = O estado
Descricao = Casa Free
Valor = 500000
Hel = 0
Arm = 0
Interior = 12
Lock = 1
TemDono = 0
Rooms = 0
Rent = 200
Rentabil = 1
Takings = 0
Veiculo = 587
color1 = -1
color2 = -1
Data = 223
Nivel = 7
World = 67
Carrox = 1301.95361328
Carroy = 2536.76977539
Carroz = 10.61779975
Carroa = 358.68420410
Neon = 0
