hEntx = -2690.73657226
hEnty = -159.92668151
hEntz = 4.60427713
hExitx = 234.08430480
hExity = 1064.68957519
hExitz = 1084.21081542
hHx = 0
hHy = 0
hHz = 0
hAx = 0
hAy = 0
hAz = 0
Dono = O estado
Descricao = Casa Free
Valor = 2500000
Hel = 0
Arm = 0
Interior = 6
Lock = 1
TemDono = 0
Rooms = 0
Rent = 200
Rentabil = 1
Takings = 0
Veiculo = 587
color1 = -1
color2 = -1
Data = 223
Nivel = 8
World = 35
Carrox = -2693.78833007
Carroy = -156.31919860
Carroz = 4.14179992
Carroa = 89.46450042
Neon = 0
