hEntx = 1298.33911132
hEnty = -799.06890869
hEntz = 84.14062500
hExitx = 234.08430480
hExity = 1064.68957519
hExitz = 1084.21081542
hHx = 0
hHy = 0
hHz = 0
hAx = 0
hAy = 0
hAz = 0
Dono = O Estado
Descricao = Casa VIP
Valor = 2500000
Hel = 0
Arm = 0
Interior = 6
Lock = 1
TemDono = 0
Rooms = 0
Rent = 200
Rentabil = 1
Takings = 400
Veiculo = 587
color1 = -1
color2 = -1
Data = 87
Nivel = 200
World = 307
Carrox = 1243.05322265
Carroy = -805.31890869
Carroz = 84.14062500
Carroa = 182.22985839
Component0 = 0
Component1 = 0
Component2 = 0
Component3 = 0
Component4 = 0
Component5 = 0
Component6 = 0
Component7 = 0
Component8 = 0
Component9 = 0
Component10 = 0
Component11 = 0
Component12 = 0
Component13 = 0
PaintJob = 0
Neon = 5
VerData = 28/03/2015 as 22:01:28
