hEntx = -2549.12963867
hEnty = 1145.41027832
hEntz = 55.72656250
hExitx = 234.08430480
hExity = 1064.68957519
hExitz = 1084.21081542
hHx = 0
hHy = 0
hHz = 0
hAx = 0
hAy = 0
hAz = 0
Dono = O estado
Descricao = Casa VIP
Valor = 2500000
Hel = 0
Arm = 0
Interior = 6
Lock = 1
TemDono = 0
Rooms = 0
Rent = 200
Rentabil = 1
Takings = 0
Veiculo = 587
color1 = -1
color2 = -1
Data = 223
Nivel = 50
World = 306
Carrox = -2546.25756835
Carroy = 1142.32177734
Carroz = 55.53049850
Carroa = 168.13580322
Neon = 0
