hEntx = 416.28503417
hEnty = -1154.87609863
hEntz = 76.68761444
hExitx = 234.08430480
hExity = 1064.68957519
hExitz = 1084.21081542
hHx = 0
hHy = 0
hHz = 0
hAx = 0
hAy = 0
hAz = 0
Dono = O estado
Descricao = Casa VIP
Valor = 100000
Hel = 0
Arm = 0
Interior = 6
Lock = 1
TemDono = 0
Rooms = 0
Rent = 200
Rentabil = 1
Takings = 0
Veiculo = 587
color1 = -1
color2 = -1
Data = 131
Nivel = 1
World = 162
Carrox = 405.67880249
Carroy = -1152.98071289
Carroz = 76.98880004
Carroa = 149.34449768
Component0 = 0
Component1 = 0
Component2 = 0
Component3 = 0
Component4 = 0
Component5 = 0
Component6 = 0
Component7 = 0
Component8 = 0
Component9 = 0
Component10 = 0
Component11 = 0
Component12 = 0
Component13 = 0
PaintJob = 0
Neon = 0
VerData = 11/05/2014 as 21:41:02
