hEntx = 1638.23352050
hEnty = 2608.74877929
hEntz = 10.82030200
hExitx = 225.63099670
hExity = 1022.47998046
hExitz = 1084.06994628
hHx = 0
hHy = 0
hHz = 0
hAx = 0
hAy = 0
hAz = 0
Dono = O estado
Descricao = Casa Free
Valor = 800000
Hel = 0
Arm = 0
Interior = 7
Lock = 1
TemDono = 0
Rooms = 0
Rent = 200
Rentabil = 0
Takings = 0
Veiculo = 587
color1 = -1
color2 = -1
Data = 223
Nivel = 5
World = 82
Carrox = 1644.76171875
Carroy = 2601.11328125
Carroz = 10.62430000
Carroa = 180.43099975
Neon = 0
