hEntx = -2881.34765625
hEnty = 779.75305175
hEntz = 35.22080993
hExitx = 234.08430480
hExity = 1064.68957519
hExitz = 1084.21081542
hHx = 0
hHy = 0
hHz = 0
hAx = 0
hAy = 0
hAz = 0
Dono = O estado
Descricao = Casa VIP
Valor = 1
Hel = 0
Arm = 0
Interior = 6
Lock = 1
TemDono = 0
Rooms = 0
Rent = 200
Rentabil = 1
Takings = 0
Veiculo = 587
color1 = -1
color2 = -1
Data = 223
Nivel = 50
World = 223
Carrox = -2878.76489257
Carroy = 776.79187011
Carroz = 34.34109878
Carroa = 262.96011352
Neon = 0
