hEntx = 2347.04028320
hEnty = 735.28942871
hEntz = 11.46829223
hExitx = 234.08430480
hExity = 1064.68957519
hExitz = 1084.21081542
hHx = 0
hHy = 0
hHz = 0
hAx = 0
hAy = 0
hAz = 0
Dono = O estado
Descricao = Casa Free
Valor = 500000
Hel = 0
Arm = 0
Interior = 6
Lock = 1
TemDono = 0
Rooms = 0
Rent = 200
Rentabil = 0
Takings = 0
Veiculo = 587
color1 = -1
color2 = -1
Data = 223
Nivel = 5
World = 139
Carrox = 2354.07250976
Carroy = 730.80957031
Carroz = 11.17300033
Carroa = 180.95799255
Neon = 0
