hEntx = 848.61975097
hEnty = -744.78942871
hEntz = 94.96926879
hExitx = 260.40750122
hExity = 1238.66455078
hExitz = 1084.25781250
hHx = 0
hHy = 0
hHz = 0
hAx = 0
hAy = 0
hAz = 0
Dono = O Estado
Descricao = Casa Free
Valor = 1
Hel = 0
Arm = 0
Interior = 9
Lock = 1
TemDono = 0
Rooms = 0
Rent = 200
Rentabil = 1
Takings = 400
Veiculo = 587
color1 = -1
color2 = -1
Data = 88
Nivel = 2
World = 175
Carrox = 835.87207031
Carroy = -755.89031982
Carroz = 85.11319732
Carroa = 221.03680419
VerData = 29/03/2015 as 13:56:27
Component0 = 0
Component1 = 0
Component2 = 0
Component3 = 0
Component4 = 0
Component5 = 0
Component6 = 0
Component7 = 0
Component8 = 0
Component9 = 0
Component10 = 0
Component11 = 0
Component12 = 0
Component13 = 0
PaintJob = 0
Neon = 0
