hEntx = 299.98828125
hEnty = -1154.65869140
hEntz = 81.24462890
hExitx = 234.08430480
hExity = 1064.68957519
hExitz = 1084.21081542
hHx = 0
hHy = 0
hHz = 0
hAx = 0
hAy = 0
hAz = 0
Dono = O estado
Descricao = Casa VIP
Valor = 1000000
Hel = 0
Arm = 0
Interior = 6
Lock = 1
TemDono = 0
Rooms = 0
Rent = 200
Rentabil = 1
Takings = 200
Veiculo = 587
color1 = -1
color2 = -1
Data = 85
Nivel = 1
World = 304
Carrox = 284.36352539
Carroy = -1158.88867187
Carroz = 80.91406250
Carroa = 223.97596740
Component0 = 1138
Component1 = 0
Component2 = 1033
Component3 = 1027
Component4 = 0
Component5 = 1010
Component6 = 1029
Component7 = 1074
Component8 = 0
Component9 = 1087
Component10 = 1169
Component11 = 1141
Component12 = 0
Component13 = 0
PaintJob = 0
Neon = 0
VerData = 26/03/2015 as 21:35:05
