hEntx = 2095.26538085
hEnty = -1145.28894042
hEntz = 26.59292030
hExitx = 234.08430480
hExity = 1064.68957519
hExitz = 1084.21081542
hHx = 0
hHy = 0
hHz = 0
hAx = 0
hAy = 0
hAz = 0
Dono = O estado
Descricao = Casa Free
Valor = 500000
Hel = 0
Arm = 0
Interior = 6
Lock = 1
TemDono = 0
Rooms = 0
Rent = 900
Rentabil = 1
Takings = 0
Veiculo = 587
color1 = -1
color2 = -1
Data = 89
Nivel = 14
World = 10
Carrox = 2092.19384765
Carroy = -1141.18713378
Carroz = 25.29120063
Carroa = 89.45159912
Neon = 0
VerData = 30/03/2015 as 11:35:48
