hEntx = 848.05847167
hEnty = -1717.37963867
hEntz = 14.92967700
hExitx = 234.08430480
hExity = 1064.68957519
hExitz = 1084.21081542
hHx = 0
hHy = 0
hHz = 0
hAx = 0
hAy = 0
hAz = 0
Dono = O Estado
Descricao = Casa Free
Valor = 1000000
Hel = 0
Arm = 0
Interior = 6
Lock = 1
TemDono = 0
Rooms = 0
Rent = 200
Rentabil = 1
Takings = 200
Veiculo = 487
color1 = -1
color2 = -1
Data = 89
Nivel = 5
World = 212
Carrox = 856.43048095
Carroy = -1710.61193847
Carroz = 13.35809993
Carroa = 359.44351196
Neon = 0
VerData = 30/03/2015 as 17:58:54
