hEntx = 977.43676757
hEnty = -770.55908203
hEntz = 112.20262908
hExitx = 244.36900329
hExity = 305.02490234
hExitz = 999.14837646
hHx = 0
hHy = 0
hHz = 0
hAx = 0
hAy = 0
hAz = 0
Dono = O estado
Descricao = Casa Free
Valor = 5000000
Hel = 0
Arm = 0
Interior = 1
Lock = 1
TemDono = 0
Rooms = 1
Rent = 200
Rentabil = 1
Takings = 600
Veiculo = 587
color1 = -1
color2 = -1
Data = 131
Nivel = 5
World = 7
Carrox = 961.18438720
Carroy = -764.72448730
Carroz = 109.69290161
Carroa = 64.76820373
VerData = 11/05/2014 as 23:30:05
Component0 = 0
Component1 = 0
Component2 = 0
Component3 = 0
Component4 = 0
Component5 = 0
Component6 = 0
Component7 = 0
Component8 = 0
Component9 = 0
Component10 = 0
Component11 = 0
Component12 = 0
Component13 = 0
PaintJob = 0
Neon = 0
ParedeCor = 0
PortaCor = 0
