hEntx = 2000.15063476
hEnty = -1115.07775878
hEntz = 27.13180351
hExitx = 2324.51513671
hExity = -1148.67102050
hExitz = 1050.71008300
hHx = 0
hHy = 0
hHz = 0
hAx = 0
hAy = 0
hAz = 0
Dono = O Estado
Descricao = Casa Free
Valor = 1
Hel = 0
Arm = 0
Interior = 12
Lock = 1
TemDono = 0
Rooms = 0
Rent = 666
Rentabil = 1
Takings = 1800
Veiculo = 560
color1 = -1
color2 = -1
Data = 86
Nivel = 2
World = 9
Carrox = 1991.48559570
Carroy = -1119.57812500
Carroz = 26.47850036
Carroa = 269.62969970
Component0 = 0
Component1 = 0
Component2 = 0
Component3 = 0
Component4 = 0
Component5 = 0
Component6 = 0
Component7 = 0
Component8 = 0
Component9 = 0
Component10 = 0
Component11 = 0
Component12 = 0
Component13 = 0
PaintJob = 0
Neon = 0
VerData = 27/03/2015 as 19:51:01
ParedeCor = 0
PortaCor = 0
