hEntx = 1846.67675781
hEnty = 740.96130371
hEntz = 11.46092700
hExitx = 234.08430480
hExity = 1064.68957519
hExitz = 1084.21081542
hHx = 0
hHy = 0
hHz = 0
hAx = 0
hAy = 0
hAz = 0
Dono = O estado
Descricao = Casa Free
Valor = 800000
Hel = 0
Arm = 0
Interior = 6
Lock = 1
TemDono = 0
Rooms = 0
Rent = 200
Rentabil = 1
Takings = 200
Veiculo = 587
color1 = -1
color2 = -1
Data = 223
Nivel = 8
World = 101
Carrox = 1849.50427246
Carroy = 734.10992431
Carroz = 11.22220039
Carroa = 268.07949829
Neon = 0
