hEntx = -2382.04833984
hEnty = 1336.39831542
hEntz = 12.75197601
hExitx = 234.08430480
hExity = 1064.68957519
hExitz = 1084.21081542
hHx = 0
hHy = 0
hHz = 0
hAx = 0
hAy = 0
hAz = 0
Dono = O estado
Descricao = Casa VIP
Valor = 2500000
Hel = 0
Arm = 0
Interior = 6
Lock = 1
TemDono = 0
Rooms = 0
Rent = 200
Rentabil = 1
Takings = 0
Veiculo = 587
color1 = -1
color2 = -1
Data = 223
Nivel = 50
World = 275
Carrox = -2379.93554687
Carroy = 1341.98132324
Carroz = 11.36610031
Carroa = 270.87139892
Neon = 0
