hEntx = -2619.03588867
hEnty = -153.63151550
hEntz = 4.33593702
hExitx = 234.08430480
hExity = 1064.68957519
hExitz = 1084.21081542
hHx = 0
hHy = 0
hHz = 0
hAx = 0
hAy = 0
hAz = 0
Dono = O estado
Descricao = Casa Free
Valor = 2500000
Hel = 0
Arm = 0
Interior = 6
Lock = 1
TemDono = 0
Rooms = 0
Rent = 200
Rentabil = 1
Takings = 200
Veiculo = 587
color1 = -1
color2 = -1
Data = 223
Nivel = 8
World = 23
Carrox = -2616.54541015
Carroy = -159.56689453
Carroz = 4.13859987
Carroa = 270.36709594
Neon = 0
