hEntx = -2625.37670898
hEnty = -105.63742065
hEntz = 7.20312500
hExitx = 234.08430480
hExity = 1064.68957519
hExitz = 1084.21081542
hHx = 0
hHy = 0
hHz = 0
hAx = 0
hAy = 0
hAz = 0
Dono = O estado
Descricao = Casa Free
Valor = 2500000
Hel = 0
Arm = 0
Interior = 6
Lock = 1
TemDono = 0
Rooms = 0
Rent = 200
Rentabil = 1
Takings = 1615
Veiculo = 587
color1 = -1
color2 = -1
Data = 223
Nivel = 8
World = 26
Carrox = -2616.49047851
Carroy = -109.90789794
Carroz = 4.14330005
Carroa = 269.91171264
Neon = 0
