hEntx = 1596.58447265
hEnty = 2569.60034179
hEntz = 10.82030200
hExitx = 234.08430480
hExity = 1064.68957519
hExitz = 1084.21081542
hHx = 0
hHy = 0
hHz = 0
hAx = 0
hAy = 0
hAz = 0
Dono = O estado
Descricao = Casa Free
Valor = 1
Hel = 0
Arm = 0
Interior = 6
Lock = 1
TemDono = 0
Rooms = 0
Rent = 200
Rentabil = 1
Takings = 0
Veiculo = 587
color1 = -1
color2 = -1
Data = 223
Nivel = 3
World = 87
Carrox = 1588.99707031
Carroy = 2577.82617187
Carroz = 10.62440013
Carroa = 359.08081054
Neon = 0
