hEntx = 2123.87670898
hEnty = 652.77282714
hEntz = 11.46092700
hExitx = 234.08430480
hExity = 1064.68957519
hExitz = 1084.21081542
hHx = 0
hHy = 0
hHz = 0
hAx = 0
hAy = 0
hAz = 0
Dono = O estado
Descricao = Casa Free
Valor = 5000000
Hel = 0
Arm = 0
Interior = 6
Lock = 1
TemDono = 0
Rooms = 0
Rent = 200
Rentabil = 1
Takings = 0
Veiculo = 587
color1 = -1
color2 = -1
Data = 259
Nivel = 7
World = 109
Carrox = 2130.11352539
Carroy = 655.20678710
Carroz = 11.22999954
Carroa = 359.99481201
Neon = 0
