hEntx = 398.00015258
hEnty = -1270.97888183
hEntz = 50.01979064
hExitx = 234.08430480
hExity = 1064.68957519
hExitz = 1084.21081542
hHx = 0
hHy = 0
hHz = 0
hAx = 0
hAy = 0
hAz = 0
Dono = O estado
Descricao = Casa Free
Valor = 1
Hel = 0
Arm = 0
Interior = 6
Lock = 1
TemDono = 0
Rooms = 0
Rent = 200
Rentabil = 1
Takings = 200
Veiculo = 587
color1 = -1
color2 = -1
Data = 131
Nivel = 5
World = 153
Carrox = 406.15090942
Carroy = -1265.18762207
Carroz = 50.08649826
Carroa = 23.55610084
VerData = 11/05/2014 as 19:41:14
Component0 = 0
Component1 = 0
Component2 = 0
Component3 = 0
Component4 = 0
Component5 = 1010
Component6 = 0
Component7 = 0
Component8 = 0
Component9 = 1087
Component10 = 0
Component11 = 0
Component12 = 0
Component13 = 0
PaintJob = 0
Neon = 6
