hEntx = -2883.82543945
hEnty = 750.70025634
hEntz = 29.27524566
hExitx = 234.08430480
hExity = 1064.68957519
hExitz = 1084.21081542
hHx = 0
hHy = 0
hHz = 0
hAx = 0
hAy = 0
hAz = 0
Dono = O estado
Descricao = Casa VIP
Valor = 1
Hel = 0
Arm = 0
Interior = 6
Lock = 1
TemDono = 0
Rooms = 0
Rent = 200
Rentabil = 1
Takings = 0
Veiculo = 587
color1 = -1
color2 = -1
Data = 223
Nivel = 50
World = 222
Carrox = -2881.32958984
Carroy = 747.93969726
Carroz = 29.55979919
Carroa = 275.71978759
Neon = 0
