hEntx = -2620.76342773
hEnty = -185.37344360
hEntz = 7.20312500
hExitx = 2317.77758789
hExity = -1026.17871093
hExitz = 1050.21777343
hHx = 0
hHy = 0
hHz = 0
hAx = 0
hAy = 0
hAz = 0
Dono = O Estado
Descricao = Casa Free
Valor = 1000000
Hel = 0
Arm = 0
Interior = 9
Lock = 1
TemDono = 0
Rooms = 0
Rent = 900
Rentabil = 1
Takings = 0
Veiculo = 541
color1 = -1
color2 = -1
Data = 88
Nivel = 4
World = 21
Carrox = -2616.52026367
Carroy = -188.20069885
Carroz = 4.13959980
Carroa = 270.28280639
Neon = 0
VerData = 29/03/2015 as 16:42:14
