hEntx = 1905.77185058
hEnty = -1114.16687011
hEntz = 26.66406250
hExitx = 234.08430480
hExity = 1064.68957519
hExitz = 1084.21081542
hHx = 0
hHy = 0
hHz = 0
hAx = 0
hAy = 0
hAz = 0
Dono = O Estado
Descricao = Casa Free
Valor = 1000000
Hel = 0
Arm = 0
Interior = 6
Lock = 1
TemDono = 0
Rooms = 0
Rent = 200
Rentabil = 1
Takings = 200
Veiculo = 587
color1 = -1
color2 = -1
Data = 88
Nivel = 5
World = 193
Carrox = 1910.80859375
Carroy = -1117.06457519
Carroz = 25.47620010
Carroa = 179.65969848
VerData = 29/03/2015 as 18:12:55
Component0 = 0
Component1 = 0
Component2 = 0
Component3 = 0
Component4 = 0
Component5 = 0
Component6 = 0
Component7 = 0
Component8 = 0
Component9 = 0
Component10 = 0
Component11 = 0
Component12 = 0
Component13 = 0
PaintJob = 0
Neon = 6
