hEntx = -2351.74902343
hEnty = 1318.02294921
hEntz = 16.19824218
hExitx = 234.08430480
hExity = 1064.68957519
hExitz = 1084.21081542
hHx = 0
hHy = 0
hHz = 0
hAx = 0
hAy = 0
hAz = 0
Dono = O estado
Descricao = Casa VIP
Valor = 2500000
Hel = 0
Arm = 0
Interior = 6
Lock = 1
TemDono = 0
Rooms = 0
Rent = 200
Rentabil = 1
Takings = 0
Veiculo = 587
color1 = -1
color2 = -1
Data = 223
Nivel = 50
World = 287
Carrox = -2354.18310546
Carroy = 1323.82775878
Carroz = 14.78909969
Carroa = 85.86100006
Neon = 0
