hEntx = -2351.40429687
hEnty = 1299.59899902
hEntz = 19.57743453
hExitx = 234.08430480
hExity = 1064.68957519
hExitz = 1084.21081542
hHx = 0
hHy = 0
hHz = 0
hAx = 0
hAy = 0
hAz = 0
Dono = O estado
Descricao = Casa VIP
Valor = 2500000
Hel = 0
Arm = 0
Interior = 6
Lock = 1
TemDono = 0
Rooms = 0
Rent = 200
Rentabil = 1
Takings = 0
Veiculo = 587
color1 = -1
color2 = -1
Data = 223
Nivel = 50
World = 286
Carrox = -2353.69555664
Carroy = 1305.11291503
Carroz = 18.29290008
Carroa = 87.04190063
Neon = 0
