hEntx = 2318.07446289
hEnty = 654.69116210
hEntz = 11.45312500
hExitx = 234.08430480
hExity = 1064.68957519
hExitz = 1084.21081542
hHx = 0
hHy = 0
hHz = 0
hAx = 0
hAy = 0
hAz = 0
Dono = O estado
Descricao = Casa Free
Valor = 5000000
Hel = 0
Arm = 0
Interior = 6
Lock = 1
TemDono = 0
Rooms = 0
Rent = 200
Rentabil = 1
Takings = 0
Veiculo = 587
color1 = -1
color2 = -1
Data = 223
Nivel = 5
World = 129
Carrox = 2326.39038085
Carroy = 651.63061523
Carroz = 11.20119953
Carroa = 182.46859741
Neon = 0
