hEntx = 552.57672119
hEnty = -1199.88439941
hEntz = 44.83153533
hExitx = 234.08430480
hExity = 1064.68957519
hExitz = 1084.21081542
hHx = 0
hHy = 0
hHz = 0
hAx = 0
hAy = 0
hAz = 0
Dono = O estado
Descricao = Casa VIP
Valor = 100000
Hel = 0
Arm = 0
Interior = 6
Lock = 1
TemDono = 0
Rooms = 0
Rent = 200
Rentabil = 1
Takings = 0
Veiculo = 587
color1 = -1
color2 = -1
Data = 223
Nivel = 50
World = 155
Carrox = 559.99951171
Carroy = -1196.09790039
Carroz = 44.50680160
Carroa = 293.94400024
Neon = 0
