hEntx = 2041.03894042
hEnty = 694.88934326
hEntz = 11.45312500
hExitx = 234.08430480
hExity = 1064.68957519
hExitz = 1084.21081542
hHx = 0
hHy = 0
hHz = 0
hAx = 0
hAy = 0
hAz = 0
Dono = O estado
Descricao = Casa Free
Valor = 1
Hel = 0
Arm = 0
Interior = 6
Lock = 1
TemDono = 0
Rooms = 0
Rent = 1
Rentabil = 0
Takings = 0
Veiculo = 587
color1 = -1
color2 = -1
Data = 223
Nivel = 7
World = 113
Carrox = 2048.94921875
Carroy = 690.43469238
Carroz = 11.15750026
Carroa = 180.55400085
Neon = 0
