hEntx = 2110.77758789
hEnty = -1243.32128906
hEntz = 25.85156250
hExitx = 225.63099670
hExity = 1022.47998046
hExitz = 1084.06994628
hHx = 0
hHy = 0
hHz = 0
hAx = 0
hAy = 0
hAz = 0
Dono = O estado
Descricao = Casa VIP
Valor = 100000
Hel = 0
Arm = 0
Interior = 7
Lock = 1
TemDono = 0
Rooms = 0
Rent = 200
Rentabil = 1
Takings = 0
Veiculo = 587
color1 = -1
color2 = -1
Data = 223
Nivel = 100
World = 194
Carrox = 2105.04565429
Carroy = -1241.48937988
Carroz = 24.71789932
Carroa = 359.64651489
Neon = 0
