hEntx = 1313.73571777
hEnty = 2609.30175781
hEntz = 11.05491828
hExitx = 234.08430480
hExity = 1064.68957519
hExitz = 1084.21081542
hHx = 0
hHy = 0
hHz = 0
hAx = 0
hAy = 0
hAz = 0
Dono = O estado
Descricao = Casa Free
Valor = 500000
Hel = 0
Arm = 0
Interior = 6
Lock = 1
TemDono = 0
Rooms = 0
Rent = 200
Rentabil = 1
Takings = 0
Veiculo = 587
color1 = -1
color2 = -1
Data = 223
Nivel = 7
World = 65
Carrox = 1323.02563476
Carroy = 2600.71630859
Carroz = 10.62279987
Carroa = 269.25009155
Neon = 0
