hEntx = -2791.87744140
hEnty = -95.40293121
hEntz = 10.05467700
hExitx = 234.08430480
hExity = 1064.68957519
hExitz = 1084.21081542
hHx = 0
hHy = 0
hHz = 0
hAx = 0
hAy = 0
hAz = 0
Dono = O estado
Descricao = Casa Free
Valor = 2500000
Hel = 0
Arm = 0
Interior = 6
Lock = 1
TemDono = 0
Rooms = 0
Rent = 200
Rentabil = 1
Takings = 0
Veiculo = 587
color1 = -1
color2 = -1
Data = 223
Nivel = 8
World = 46
Carrox = -2796.03198242
Carroy = -92.49189758
Carroz = 6.99079990
Carroa = 89.52549743
Neon = 0
