hEntx = 1349.89221191
hEnty = 2569.66259765
hEntz = 10.82030200
hExitx = 2324.41992187
hExity = -1145.56835937
hExitz = 1050.71008300
hHx = 0
hHy = 0
hHz = 0
hAx = 0
hAy = 0
hAz = 0
Dono = O estado
Descricao = Casa Free
Valor = 5000000
Hel = 0
Arm = 0
Interior = 12
Lock = 1
TemDono = 0
Rooms = 0
Rent = 200
Rentabil = 1
Takings = 5000
Veiculo = 587
color1 = -1
color2 = -1
Data = 223
Nivel = 7
World = 98
Carrox = 1342.85681152
Carroy = 2578.20849609
Carroz = 10.62590026
Carroa = 271.18890380
Neon = 0
