hEntx = 836.39227294
hEnty = -894.27093505
hEntz = 68.76889801
hExitx = 234.08430480
hExity = 1064.68957519
hExitz = 1084.21081542
hHx = 0
hHy = 0
hHz = 0
hAx = 0
hAy = 0
hAz = 0
Dono = O estado
Descricao = Casa VIP
Valor = 2
Hel = 0
Arm = 0
Interior = 6
Lock = 1
TemDono = 0
Rooms = 0
Rent = 200
Rentabil = 1
Takings = 3200
Veiculo = 587
color1 = -1
color2 = -1
Data = 68
Nivel = 2
World = 167
Carrox = 831.95977783
Carroy = -888.70721435
Carroz = 68.57740020
Carroa = 234.02049255
Component0 = 0
Component1 = 0
Component2 = 0
Component3 = 0
Component4 = 0
Component5 = 0
Component6 = 0
Component7 = 0
Component8 = 0
Component9 = 0
Component10 = 0
Component11 = 0
Component12 = 0
Component13 = 0
PaintJob = 0
Neon = 0
VerData = 09/03/2015 as 14:22:55
