hEntx = -2517.06762695
hEnty = 1142.02685546
hEntz = 55.72656250
hExitx = 234.08430480
hExity = 1064.68957519
hExitz = 1084.21081542
hHx = 0
hHy = 0
hHz = 0
hAx = 0
hAy = 0
hAz = 0
Dono = O estado
Descricao = Casa VIP
Valor = 2500000
Hel = 0
Arm = 0
Interior = 6
Lock = 1
TemDono = 0
Rooms = 0
Rent = 200
Rentabil = 1
Takings = 0
Veiculo = 587
color1 = -1
color2 = -1
Data = 223
Nivel = 50
World = 303
Carrox = -2514.07666015
Carroy = 1139.01794433
Carroz = 55.52890014
Carroa = 176.63749694
Neon = 0
