hEntx = -2433.68994140
hEnty = 1338.17553710
hEntz = 8.50780200
hExitx = 234.08430480
hExity = 1064.68957519
hExitz = 1084.21081542
hHx = 0
hHy = 0
hHz = 0
hAx = 0
hAy = 0
hAz = 0
Dono = O estado
Descricao = Casa VIP
Valor = 2500000
Hel = 0
Arm = 0
Interior = 6
Lock = 1
TemDono = 0
Rooms = 0
Rent = 200
Rentabil = 1
Takings = 0
Veiculo = 587
color1 = -1
color2 = -1
Data = 223
Nivel = 50
World = 274
Carrox = -2436.16113281
Carroy = 1340.80847167
Carroz = 8.04699993
Carroa = 87.81479644
Neon = 0
