hEntx = 2456.92700195
hEnty = -1054.35937500
hEntz = 59.74218750
hExitx = 234.08430480
hExity = 1064.68957519
hExitz = 1084.21081542
hHx = 0
hHy = 0
hHz = 0
hAx = 0
hAy = 0
hAz = 0
Dono = O estado
Descricao = Casa Free
Valor = 1000000
Hel = 0
Arm = 0
Interior = 6
Lock = 1
TemDono = 0
Rooms = 0
Rent = 500
Rentabil = 1
Takings = 0
Veiculo = 587
color1 = -1
color2 = -1
Data = 223
Nivel = 5
World = 204
Carrox = 2452.63134765
Carroy = -1050.55065917
Carroz = 59.44969940
Carroa = 354.95660400
Neon = 0
