hEntx = -2477.07568359
hEnty = 1301.22082519
hEntz = 18.37500000
hExitx = 234.08430480
hExity = 1064.68957519
hExitz = 1084.21081542
hHx = 0
hHy = 0
hHz = 0
hAx = 0
hAy = 0
hAz = 0
Dono = O estado
Descricao = Casa VIP
Valor = 2500000
Hel = 0
Arm = 0
Interior = 6
Lock = 1
TemDono = 0
Rooms = 0
Rent = 200
Rentabil = 1
Takings = 0
Veiculo = 587
color1 = -1
color2 = -1
Data = 223
Nivel = 50
World = 262
Carrox = -2472.82812500
Carroy = 1304.46716308
Carroz = 17.76490020
Carroa = 2.26559996
Neon = 0
