hEntx = -2859.27856445
hEnty = 834.87060546
hEntz = 39.92841720
hExitx = 234.08430480
hExity = 1064.68957519
hExitz = 1084.21081542
hHx = 0
hHy = 0
hHz = 0
hAx = 0
hAy = 0
hAz = 0
Dono = O estado
Descricao = Casa VIP
Valor = 1
Hel = 0
Arm = 0
Interior = 6
Lock = 1
TemDono = 0
Rooms = 0
Rent = 200
Rentabil = 1
Takings = 0
Veiculo = 587
color1 = -1
color2 = -1
Data = 223
Nivel = 50
World = 228
Carrox = -2858.02880859
Carroy = 830.73901367
Carroz = 39.94969940
Carroa = 240.59039306
Neon = 0
