hEntx = 809.09295654
hEnty = -759.17846679
hEntz = 76.53136444
hExitx = 234.08430480
hExity = 1064.68957519
hExitz = 1084.21081542
hHx = 0
hHy = 0
hHz = 0
hAx = 0
hAy = 0
hAz = 0
Dono = O Estado
Descricao = Casa Free
Valor = 150000
Hel = 0
Arm = 0
Interior = 6
Lock = 1
TemDono = 0
Rooms = 0
Rent = 200
Rentabil = 1
Takings = 0
Veiculo = 587
color1 = -1
color2 = -1
Data = 89
Nivel = 3
World = 174
Carrox = 814.48889160
Carroy = -768.03521728
Carroz = 76.66220092
Carroa = 287.26400756
VerData = 30/03/2015 as 19:08:32
Component0 = 0
Component1 = 0
Component2 = 0
Component3 = 0
Component4 = 0
Component5 = 1010
Component6 = 0
Component7 = 1074
Component8 = 0
Component9 = 0
Component10 = 0
Component11 = 0
Component12 = 0
Component13 = 0
PaintJob = 0
Neon = 8
