hEntx = -2434.40209960
hEnty = 1318.53491210
hEntz = 13.86717700
hExitx = 234.08430480
hExity = 1064.68957519
hExitz = 1084.21081542
hHx = 0
hHy = 0
hHz = 0
hAx = 0
hAy = 0
hAz = 0
Dono = O estado
Descricao = Casa VIP
Valor = 2500000
Hel = 0
Arm = 0
Interior = 6
Lock = 1
TemDono = 0
Rooms = 0
Rent = 200
Rentabil = 1
Takings = 0
Veiculo = 587
color1 = -1
color2 = -1
Data = 223
Nivel = 50
World = 273
Carrox = -2436.55493164
Carroy = 1321.29772949
Carroz = 13.28409957
Carroa = 91.09100341
Neon = 0
