hEntx = 924.83190917
hEnty = -853.12207031
hEntz = 93.45652008
hExitx = 234.08430480
hExity = 1064.68957519
hExitz = 1084.21081542
hHx = 0
hHy = 0
hHz = 0
hAx = 0
hAy = 0
hAz = 0
Dono = O estado
Descricao = Casa VIP
Valor = 100000
Hel = 0
Arm = 0
Interior = 6
Lock = 1
TemDono = 0
Rooms = 0
Rent = 200
Rentabil = 1
Takings = 0
Veiculo = 587
color1 = -1
color2 = -1
Data = 131
Nivel = 1
World = 169
Carrox = 930.49731445
Carroy = -856.25891113
Carroz = 93.28450012
Carroa = 26.51169967
Component0 = 1015
Component1 = 0
Component2 = 0
Component3 = 0
Component4 = 0
Component5 = 0
Component6 = 1019
Component7 = 1097
Component8 = 0
Component9 = 1087
Component10 = 0
Component11 = 0
Component12 = 0
Component13 = 1145
PaintJob = 0
Neon = 0
VerData = 11/05/2014 as 18:39:01
