hEntx = 2808.66064453
hEnty = -1303.07885742
hEntz = 38.71834945
hExitx = 225.63099670
hExity = 1022.47998046
hExitz = 1084.06994628
hHx = 0
hHy = 0
hHz = 0
hAx = 0
hAy = 0
hAz = 0
Dono = O estado
Descricao = Casa VIP
Valor = 1000000
Hel = 0
Arm = 0
Interior = 7
Lock = 1
TemDono = 0
Rooms = 0
Rent = 200
Rentabil = 1
Takings = 0
Veiculo = 587
color1 = -1
color2 = -1
Data = 130
Nivel = 5
World = 209
Carrox = 2804.28784179
Carroy = -1310.21398925
Carroz = 36.94139862
Carroa = 87.83450317
VerData = 10/05/2014 as 21:17:47
Component0 = 1139
Component1 = 0
Component2 = 1033
Component3 = 1027
Component4 = 0
Component5 = 1010
Component6 = 1029
Component7 = 1073
Component8 = 0
Component9 = 1087
Component10 = 1169
Component11 = 1140
Component12 = 0
Component13 = 0
PaintJob = 1
Neon = 5
