hEntx = 2013.03747558
hEnty = 731.76928710
hEntz = 11.45312500
hExitx = 234.08430480
hExity = 1064.68957519
hExitz = 1084.21081542
hHx = 0
hHy = 0
hHz = 0
hAx = 0
hAy = 0
hAz = 0
Dono = O estado
Descricao = Casa Free
Valor = 5000000
Hel = 0
Arm = 0
Interior = 6
Lock = 1
TemDono = 0
Rooms = 0
Rent = 200
Rentabil = 1
Takings = 0
Veiculo = 587
color1 = -1
color2 = -1
Data = 223
Nivel = 7
World = 115
Carrox = 2005.49316406
Carroy = 735.11602783
Carroz = 11.19470024
Carroa = 359.26388549
Neon = 0
