hEntx = 1618.77673339
hEnty = 2607.84423828
hEntz = 10.82030200
hExitx = 2324.41992187
hExity = -1145.56835937
hExitz = 1050.71008300
hHx = 0
hHy = 0
hHz = 0
hAx = 0
hAy = 0
hAz = 0
Dono = O estado
Descricao = Casa Free
Valor = 800000
Hel = 0
Arm = 0
Interior = 12
Lock = 1
TemDono = 0
Rooms = 0
Rent = 200
Rentabil = 1
Takings = 400
Veiculo = 587
color1 = -1
color2 = -1
Data = 223
Nivel = 5
World = 84
Carrox = 1626.58898925
Carroy = 2603.44506835
Carroz = 10.63150024
Carroa = 179.89959716
Neon = 0
