hEntx = 2367.98071289
hEnty = 653.97155761
hEntz = 11.46092700
hExitx = 225.63099670
hExity = 1022.47998046
hExitz = 1084.06994628
hHx = 0
hHy = 0
hHz = 0
hAx = 0
hAy = 0
hAz = 0
Dono = O estado
Descricao = Casa Free
Valor = 500000
Hel = 0
Arm = 0
Interior = 7
Lock = 1
TemDono = 0
Rooms = 0
Rent = 200
Rentabil = 1
Takings = 0
Veiculo = 587
color1 = -1
color2 = -1
Data = 223
Nivel = 8
World = 131
Carrox = 2361.43847656
Carroy = 648.12591552
Carroz = 11.08469963
Carroa = 178.93609619
Neon = 0
