hEntx = 768.47589111
hEnty = -1696.68798828
hEntz = 5.15541601
hExitx = 2324.41992187
hExity = -1145.56835937
hExitz = 1050.71008300
hHx = 0
hHy = 0
hHz = 0
hAx = 0
hAy = 0
hAz = 0
Dono = O estado
Descricao = Casa VIP
Valor = 1
Hel = 0
Arm = 0
Interior = 12
Lock = 1
TemDono = 0
Rooms = 0
Rent = 200
Rentabil = 1
Takings = 0
Veiculo = 587
color1 = -1
color2 = -1
Data = 223
Nivel = 200
World = 213
Carrox = 762.40338134
Carroy = -1691.14099121
Carroz = 4.31500005
Carroa = 0.98320001
Neon = 0
