hEntx = 1846.86389160
hEnty = 660.65142822
hEntz = 11.46092700
hExitx = 328.49398803
hExity = 1480.58996582
hExitz = 1084.44995117
hHx = 0
hHy = 0
hHz = 0
hAx = 0
hAy = 0
hAz = 0
Dono = O estado
Descricao = Casa Free
Valor = 459662
Hel = 0
Arm = 0
Interior = 15
Lock = 1
TemDono = 0
Rooms = 0
Rent = 200
Rentabil = 0
Takings = 0
Veiculo = 587
color1 = -1
color2 = -1
Data = 355
Nivel = 7
World = 104
Carrox = 1850.00512695
Carroy = 654.28521728
Carroz = 11.20580005
Carroa = 269.28518676
VerData = 
VerData = 21/12/2013 as 12:37:07
Neon = 0
