hEntx = -2687.28735351
hEnty = -187.95971679
hEntz = 7.20312500
hExitx = 234.08430480
hExity = 1064.68957519
hExitz = 1084.21081542
hHx = 0
hHy = 0
hHz = 0
hAx = 0
hAy = 0
hAz = 0
Dono = O estado
Descricao = Casa Free
Valor = 2500000
Hel = 0
Arm = 0
Interior = 6
Lock = 1
TemDono = 0
Rooms = 0
Rent = 200
Rentabil = 1
Takings = 0
Veiculo = 587
color1 = -1
color2 = -1
Data = 256
Nivel = 8
World = 37
Carrox = -2693.78955078
Carroy = -190.93339538
Carroz = 4.14279985
Carroa = 89.95850372
Neon = 0
