hEntx = -2690.20922851
hEnty = -114.28128051
hEntz = 4.95841503
hExitx = 234.08430480
hExity = 1064.68957519
hExitz = 1084.21081542
hHx = 0
hHy = 0
hHz = 0
hAx = 0
hAy = 0
hAz = 0
Dono = O estado
Descricao = Casa Free
Valor = 2500000
Hel = 0
Arm = 0
Interior = 6
Lock = 1
TemDono = 0
Rooms = 0
Rent = 70000
Rentabil = 1
Takings = 2701
Veiculo = 587
color1 = -1
color2 = -1
Data = 223
Nivel = 8
World = 30
Carrox = -2693.79956054
Carroy = -109.23329925
Carroz = 4.14029979
Carroa = 89.36730194
Neon = 0
