hEntx = 652.19561767
hEnty = -1619.95397949
hEntz = 15.00000000
hExitx = 2324.41992187
hExity = -1145.56835937
hExitz = 1050.71008300
hHx = 0
hHy = 0
hHz = 0
hAx = 0
hAy = 0
hAz = 0
Dono = O estado
Descricao = Casa VIP
Valor = 1
Hel = 0
Arm = 0
Interior = 12
Lock = 1
TemDono = 0
Rooms = 0
Rent = 200
Rentabil = 1
Takings = 0
Veiculo = 587
color1 = -1
color2 = -1
Data = 287
Nivel = 200
World = 215
Carrox = 646.07067871
Carroy = -1613.94348144
Carroz = 15.07750034
Carroa = 2.63890004
VerData = 14/10/2014 as 21:11:42
Neon = 0
