hEntx = 937.38665771
hEnty = -847.73510742
hEntz = 93.73325347
hExitx = 234.08430480
hExity = 1064.68957519
hExitz = 1084.21081542
hHx = 0
hHy = 0
hHz = 0
hAx = 0
hAy = 0
hAz = 0
Dono = O estado
Descricao = Casa VIP
Valor = 1
Hel = 0
Arm = 0
Interior = 6
Lock = 1
TemDono = 0
Rooms = 0
Rent = 200
Rentabil = 1
Takings = 200
Veiculo = 587
color1 = -1
color2 = -1
Data = 130
Nivel = 1
World = 170
Carrox = 944.53247070
Carroy = -842.27447509
Carroz = 93.82230377
Carroa = 27.19759941
Component0 = 1158
Component1 = 0
Component2 = 1067
Component3 = 1071
Component4 = 0
Component5 = 1010
Component6 = 1065
Component7 = 1079
Component8 = 0
Component9 = 1087
Component10 = 1160
Component11 = 1159
Component12 = 0
Component13 = 0
PaintJob = 1
Neon = 9
VerData = 10/05/2014 as 23:46:32
