hEntx = 2228.09887695
hEnty = 691.32531738
hEntz = 11.46047401
hExitx = 2324.41992187
hExity = -1145.56835937
hExitz = 1050.71008300
hHx = 0
hHy = 0
hHz = 0
hAx = 0
hAy = 0
hAz = 0
Dono = O estado
Descricao = Casa Free
Valor = 5000000
Hel = 0
Arm = 0
Interior = 12
Lock = 1
TemDono = 0
Rooms = 0
Rent = 200
Rentabil = 1
Takings = 0
Veiculo = 587
color1 = -1
color2 = -1
Data = 259
Nivel = 7
World = 122
Carrox = 2220.80859375
Carroy = 695.63952636
Carroz = 11.15830039
Carroa = 0.41449999
Neon = 0
