hEntx = -2900.10424804
hEnty = 1067.00659179
hEntz = 32.13998413
hExitx = 234.08430480
hExity = 1064.68957519
hExitz = 1084.21081542
hHx = 0
hHy = 0
hHz = 0
hAx = 0
hAy = 0
hAz = 0
Dono = O estado
Descricao = Casa VIP
Valor = 1
Hel = 0
Arm = 0
Interior = 6
Lock = 1
TemDono = 0
Rooms = 0
Rent = 200
Rentabil = 1
Takings = 0
Veiculo = 587
color1 = -1
color2 = -1
Data = 223
Nivel = 50
World = 247
Carrox = -2895.84887695
Carroy = 1063.66137695
Carroz = 31.87739944
Carroa = 268.63320922
Neon = 0
