hEntx = 2148.47314453
hEnty = -1319.02197265
hEntz = 25.74334526
hExitx = 234.08430480
hExity = 1064.68957519
hExitz = 1084.21081542
hHx = 0
hHy = 0
hHz = 0
hAx = 0
hAy = 0
hAz = 0
Dono = O estado
Descricao = Casa VIP
Valor = 100000
Hel = 0
Arm = 0
Interior = 6
Lock = 1
TemDono = 0
Rooms = 0
Rent = 200
Rentabil = 1
Takings = 0
Veiculo = 587
color1 = -1
color2 = -1
Data = 68
Nivel = 1
World = 197
Carrox = 2148.07543945
Carroy = -1307.76477050
Carroz = 23.79540061
Carroa = 272.32199096
Component0 = 1146
Component1 = 0
Component2 = 1035
Component3 = 1041
Component4 = 0
Component5 = 1010
Component6 = 1034
Component7 = 1074
Component8 = 0
Component9 = 1087
Component10 = 1172
Component11 = 1148
Component12 = 0
Component13 = 0
PaintJob = 1
Neon = 8
VerData = 09/03/2015 as 18:32:27
