hEntx = 2015.44726562
hEnty = -1717.01538085
hEntz = 13.55467700
hExitx = 2324.41992187
hExity = -1145.56835937
hExitz = 1050.71008300
hHx = 0
hHy = 0
hHz = 0
hAx = 0
hAy = 0
hAz = 0
Dono = O estado
Descricao = Casa Free
Valor = 1000000
Hel = 0
Arm = 0
Interior = 12
Lock = 1
TemDono = 0
Rooms = 1
Rent = 200
Rentabil = 1
Takings = 0
Veiculo = 587
color1 = -1
color2 = -1
Data = 131
Nivel = 8
World = 17
Carrox = 2009.90283203
Carroy = -1720.69128417
Carroz = 13.25230026
Carroa = 179.20530700
VerData = 11/05/2014 as 18:28:37
Component0 = 0
Component1 = 0
Component2 = 0
Component3 = 0
Component4 = 0
Component5 = 0
Component6 = 0
Component7 = 0
Component8 = 0
Component9 = 0
Component10 = 0
Component11 = 0
Component12 = 0
Component13 = 0
PaintJob = 0
Neon = 7
