hEntx = -2868.67016601
hEnty = 691.17791748
hEntz = 23.47327613
hExitx = 234.08430480
hExity = 1064.68957519
hExitz = 1084.21081542
hHx = 0
hHy = 0
hHz = 0
hAx = 0
hAy = 0
hAz = 0
Dono = O estado
Descricao = Casa VIP
Valor = 1
Hel = 0
Arm = 0
Interior = 6
Lock = 1
TemDono = 0
Rooms = 0
Rent = 200
Rentabil = 1
Takings = 0
Veiculo = 587
color1 = -1
color2 = -1
Data = 223
Nivel = 50
World = 217
Carrox = -2867.03784179
Carroy = 695.86987304
Carroz = 23.38759994
Carroa = 294.27780151
Neon = 0
