hEntx = 254.94256591
hEnty = -1366.69543457
hEntz = 53.10937500
hExitx = 234.08430480
hExity = 1064.68957519
hExitz = 1084.21081542
hHx = 0
hHy = 0
hHz = 0
hAx = 0
hAy = 0
hAz = 0
Dono = O estado
Descricao = Casa VIP
Valor = 462940
Hel = 0
Arm = 0
Interior = 6
Lock = 1
TemDono = 0
Rooms = 0
Rent = 200
Rentabil = 1
Takings = 400
Veiculo = 587
color1 = -1
color2 = -1
Data = 131
Nivel = 5
World = 151
Carrox = 250.96189880
Carroy = -1359.34936523
Carroz = 52.91329956
Carroa = 304.98800659
VerData = 11/05/2014 as 23:26:47
Component0 = 0
Component1 = 0
Component2 = 0
Component3 = 0
Component4 = 0
Component5 = 0
Component6 = 0
Component7 = 0
Component8 = 0
Component9 = 0
Component10 = 0
Component11 = 0
Component12 = 0
Component13 = 0
PaintJob = 0
Neon = 0
