hEntx = 2807.84619140
hEnty = -1324.91271972
hEntz = 33.65480422
hExitx = 140.39999389
hExity = 1370.30004882
hExitz = 1083.86560058
hHx = 0
hHy = 0
hHz = 0
hAx = 0
hAy = 0
hAz = 0
Dono = O Estado
Descricao = Casa Free
Valor = 1
Hel = 0
Arm = 0
Interior = 5
Lock = 1
TemDono = 0
Rooms = 0
Rent = 200
Rentabil = 1
Takings = 400
Veiculo = 587
color1 = -1
color2 = -1
Data = 89
Nivel = 1
World = 210
Carrox = 2804.58837890
Carroy = -1332.14782714
Carroz = 31.79450035
Carroa = 88.40899658
VerData = 30/03/2015 as 20:32:06
Component0 = 1138
Component1 = 0
Component2 = 1033
Component3 = 1027
Component4 = 0
Component5 = 1010
Component6 = 1028
Component7 = 1085
Component8 = 0
Component9 = 0
Component10 = 1169
Component11 = 1141
Component12 = 0
Component13 = 0
PaintJob = 2
Neon = 0
