hEntx = 2346.92407226
hEnty = 654.75665283
hEntz = 11.46047401
hExitx = 234.08430480
hExity = 1064.68957519
hExitz = 1084.21081542
hHx = 0
hHy = 0
hHz = 0
hAx = 0
hAy = 0
hAz = 0
Dono = O estado
Descricao = Casa Free
Valor = 5000000
Hel = 0
Arm = 0
Interior = 6
Lock = 1
TemDono = 0
Rooms = 0
Rent = 200
Rentabil = 1
Takings = 0
Veiculo = 587
color1 = -1
color2 = -1
Data = 223
Nivel = 7
World = 130
Carrox = 2353.79248046
Carroy = 650.68750000
Carroz = 11.15480041
Carroa = 181.70390319
Neon = 0
