hEntx = -2900.37133789
hEnty = 1080.92797851
hEntz = 32.13281250
hExitx = 234.08430480
hExity = 1064.68957519
hExitz = 1084.21081542
hHx = 0
hHy = 0
hHz = 0
hAx = 0
hAy = 0
hAz = 0
Dono = O estado
Descricao = Casa VIP
Valor = 1
Hel = 0
Arm = 0
Interior = 6
Lock = 1
TemDono = 0
Rooms = 0
Rent = 200
Rentabil = 1
Takings = 0
Veiculo = 587
color1 = -1
color2 = -1
Data = 223
Nivel = 50
World = 249
Carrox = -2896.05175781
Carroy = 1077.75036621
Carroz = 31.47940063
Carroa = 270.05249023
Neon = 0
