hEntx = 2230.17456054
hEnty = -1281.56604003
hEntz = 25.36718750
hExitx = 225.63099670
hExity = 1022.47998046
hExitz = 1084.06994628
hHx = 0
hHy = 0
hHz = 0
hAx = 0
hAy = 0
hAz = 0
Dono = O estado
Descricao = Casa VIP
Valor = 100000
Hel = 0
Arm = 0
Interior = 7
Lock = 1
TemDono = 0
Rooms = 0
Rent = 200
Rentabil = 1
Takings = 0
Veiculo = 587
color1 = -1
color2 = -1
Data = 223
Nivel = 100
World = 199
Carrox = 2224.79907226
Carroy = -1293.43566894
Carroz = 23.78059959
Carroa = 269.20190429
Neon = 0
