hEntx = 1455.90734863
hEnty = 2525.49121093
hEntz = 10.82030200
hExitx = 234.08430480
hExity = 1064.68957519
hExitz = 1084.21081542
hHx = 0
hHy = 0
hHz = 0
hAx = 0
hAy = 0
hAz = 0
Dono = O estado
Descricao = Casa Free
Valor = 1000000
Hel = 0
Arm = 0
Interior = 6
Lock = 1
TemDono = 0
Rooms = 0
Rent = 200
Rentabil = 1
Takings = 200
Veiculo = 587
color1 = -1
color2 = -1
Data = 223
Nivel = 7
World = 74
Carrox = 1456.38574218
Carroy = 2519.95971679
Carroz = 10.62469959
Carroa = 269.92541503
Neon = 0
