hEntx = 1939.23937988
hEnty = -1115.09838867
hEntz = 27.45229530
hExitx = 234.08430480
hExity = 1064.68957519
hExitz = 1084.21081542
hHx = 0
hHy = 0
hHz = 0
hAx = 0
hAy = 0
hAz = 0
Dono = O Estado
Descricao = Casa Free
Valor = 500000
Hel = 0
Arm = 0
Interior = 6
Lock = 1
TemDono = 0
Rooms = 1
Rent = 200
Rentabil = 1
Takings = 1000
Veiculo = 560
color1 = -1
color2 = -1
Data = 87
Nivel = 4
World = 8
Carrox = 1934.50476074
Carroy = -1117.78771972
Carroz = 26.16119956
Carroa = 179.23930358
VerData = 28/03/2015 as 15:52:31
Component0 = 0
Component1 = 0
Component2 = 0
Component3 = 0
Component4 = 0
Component5 = 1008
Component6 = 0
Component7 = 0
Component8 = 0
Component9 = 1087
Component10 = 0
Component11 = 0
Component12 = 0
Component13 = 0
PaintJob = 0
Neon = 5
ParedeCor = 0
PortaCor = 0
