hEntx = 1646.31555175
hEnty = 2571.60180664
hEntz = 10.82030200
hExitx = 225.63099670
hExity = 1022.47998046
hExitz = 1084.06994628
hHx = 0
hHy = 0
hHz = 0
hAx = 0
hAy = 0
hAz = 0
Dono = O estado
Descricao = Casa Free
Valor = 1000000
Hel = 0
Arm = 0
Interior = 7
Lock = 1
TemDono = 0
Rooms = 0
Rent = 200
Rentabil = 0
Takings = 0
Veiculo = 587
color1 = -1
color2 = -1
Data = 223
Nivel = 7
World = 83
Carrox = 1638.87707519
Carroy = 2576.49731445
Carroz = 10.63080024
Carroa = 358.89849853
Neon = 0
