hEntx = 1468.62072753
hEnty = -904.53259277
hEntz = 54.83593750
hExitx = 234.08430480
hExity = 1064.68957519
hExitz = 1084.21081542
hHx = 0
hHy = 0
hHz = 0
hAx = 0
hAy = 0
hAz = 0
Dono = O estado
Descricao = Casa VIP
Valor = 100000
Hel = 0
Arm = 0
Interior = 6
Lock = 1
TemDono = 0
Rooms = 0
Rent = 200
Rentabil = 1
Takings = 0
Veiculo = 587
color1 = -1
color2 = -1
Data = 223
Nivel = 50
World = 186
Carrox = 1463.81030273
Carroy = -901.82379150
Carroz = 54.64020156
Carroa = 0.38440001
Neon = 0
