hEntx = 1325.73522949
hEnty = 2569.78295898
hEntz = 10.82030200
hExitx = 234.08430480
hExity = 1064.68957519
hExitz = 1084.21081542
hHx = 0
hHy = 0
hHz = 0
hAx = 0
hAy = 0
hAz = 0
Dono = O estado
Descricao = Casa Free
Valor = 5000000
Hel = 0
Arm = 0
Interior = 6
Lock = 1
TemDono = 0
Rooms = 0
Rent = 200
Rentabil = 1
Takings = 0
Veiculo = 587
color1 = -1
color2 = -1
Data = 223
Nivel = 7
World = 99
Carrox = 1311.48352050
Carroy = 2578.08056640
Carroz = 10.62950038
Carroa = 90.20909881
Neon = 0
