hEntx = -2904.72192382
hEnty = 1164.89599609
hEntz = 13.66405200
hExitx = 234.08430480
hExity = 1064.68957519
hExitz = 1084.21081542
hHx = 0
hHy = 0
hHz = 0
hAx = 0
hAy = 0
hAz = 0
Dono = O estado
Descricao = Casa VIP
Valor = 1
Hel = 0
Arm = 0
Interior = 6
Lock = 1
TemDono = 0
Rooms = 0
Rent = 200
Rentabil = 1
Takings = 0
Veiculo = 587
color1 = -1
color2 = -1
Data = 223
Nivel = 50
World = 254
Carrox = -2900.13793945
Carroy = 1161.76647949
Carroz = 13.28129959
Carroa = 269.21090698
Neon = 0
