hEntx = -2856.77636718
hEnty = 957.64947509
hEntz = 44.05468750
hExitx = 234.08430480
hExity = 1064.68957519
hExitz = 1084.21081542
hHx = 0
hHy = 0
hHz = 0
hAx = 0
hAy = 0
hAz = 0
Dono = O estado
Descricao = Casa VIP
Valor = 1
Hel = 0
Arm = 0
Interior = 6
Lock = 1
TemDono = 0
Rooms = 0
Rent = 200
Rentabil = 1
Takings = 0
Veiculo = 587
color1 = -1
color2 = -1
Data = 223
Nivel = 50
World = 238
Carrox = -2850.71679687
Carroy = 952.90032958
Carroz = 43.85779953
Carroa = 294.72399902
Neon = 0
