hEntx = -2898.71508789
hEnty = 1026.82287597
hEntz = 36.82812500
hExitx = 234.08430480
hExity = 1064.68957519
hExitz = 1084.21081542
hHx = 0
hHy = 0
hHz = 0
hAx = 0
hAy = 0
hAz = 0
Dono = O estado
Descricao = Casa VIP
Valor = 1
Hel = 0
Arm = 0
Interior = 6
Lock = 1
TemDono = 0
Rooms = 0
Rent = 200
Rentabil = 1
Takings = 0
Veiculo = 587
color1 = -1
color2 = -1
Data = 223
Nivel = 50
World = 244
Carrox = -2895.94311523
Carroy = 1031.68640136
Carroz = 36.04679870
Carroa = 289.43148803
Neon = 0
