hEntx = 785.85522460
hEnty = -828.10968017
hEntz = 70.28958129
hExitx = 2324.41992187
hExity = -1145.56835937
hExitz = 1050.71008300
hHx = 0
hHy = 0
hHz = 0
hAx = 0
hAy = 0
hAz = 0
Dono = O estado
Descricao = Casa Free
Valor = 1000000
Hel = 0
Arm = 0
Interior = 12
Lock = 1
TemDono = 0
Rooms = 0
Rent = 200
Rentabil = 1
Takings = 0
Veiculo = 587
color1 = -1
color2 = -1
Data = 223
Nivel = 7
World = 165
Carrox = 796.31738281
Carroy = -841.29901123
Carroz = 60.44530105
Carroa = 191.35839843
Neon = 0
