hEntx = 1497.04052734
hEnty = -688.76049804
hEntz = 95.27573394
hExitx = 234.08430480
hExity = 1064.68957519
hExitz = 1084.21081542
hHx = 0
hHy = 0
hHz = 0
hAx = 0
hAy = 0
hAz = 0
Dono = O Estado
Descricao = Casa VIP
Valor = 100000
Hel = 0
Arm = 0
Interior = 6
Lock = 1
TemDono = 0
Rooms = 0
Rent = 200
Rentabil = 0
Takings = 200
Veiculo = 405
color1 = -1
color2 = -1
Data = 88
Nivel = 1
World = 182
Carrox = 1517.10620117
Carroy = -695.07037353
Carroz = 94.55429840
Carroa = 90.05970001
Component0 = 0
Component1 = 0
Component2 = 0
Component3 = 0
Component4 = 0
Component5 = 1010
Component6 = 0
Component7 = 1096
Component8 = 0
Component9 = 1087
Component10 = 0
Component11 = 0
Component12 = 0
Component13 = 0
PaintJob = 0
Neon = 5
VerData = 29/03/2015 as 19:18:55
