hEntx = 1969.30700683
hEnty = -1706.17578125
hEntz = 15.96875000
hExitx = 234.08430480
hExity = 1064.68957519
hExitz = 1084.21081542
hHx = 0
hHy = 0
hHz = 0
hAx = 0
hAy = 0
hAz = 0
Dono = O Estado
Descricao = Casa Free
Valor = 10
Hel = 0
Arm = 0
Interior = 6
Lock = 1
TemDono = 0
Rooms = 0
Rent = 200
Rentabil = 1
Takings = 600
Veiculo = 560
color1 = -1
color2 = -1
Data = 90
Nivel = 5
World = 14
Carrox = 1971.77978515
Carroy = -1711.39782714
Carroz = 15.67370033
Carroa = 87.53820037
VerData = 31/03/2015 as 17:26:45
Component0 = 0
Component1 = 0
Component2 = 0
Component3 = 0
Component4 = 0
Component5 = 0
Component6 = 0
Component7 = 0
Component8 = 0
Component9 = 0
Component10 = 0
Component11 = 0
Component12 = 0
Component13 = 0
PaintJob = 0
Neon = 5
