hEntx = 2808.43310546
hEnty = -1281.20715332
hEntz = 43.67454910
hExitx = 225.63099670
hExity = 1022.47998046
hExitz = 1084.06994628
hHx = 0
hHy = 0
hHz = 0
hAx = 0
hAy = 0
hAz = 0
Dono = O estado
Descricao = Casa VIP
Valor = 1000000
Hel = 0
Arm = 0
Interior = 7
Lock = 1
TemDono = 0
Rooms = 0
Rent = 200
Rentabil = 1
Takings = 0
Veiculo = 587
color1 = -1
color2 = -1
Data = 223
Nivel = 5
World = 208
Carrox = 2804.38037109
Carroy = -1288.27722167
Carroz = 42.21739959
Carroa = 86.08599853
Neon = 0
