hEntx = 280.80404663
hEnty = -1768.51208496
hEntz = 4.51853704
hExitx = -42.52370071
hExity = 1411.40698242
hExitz = 1084.42968750
hHx = 0
hHy = 0
hHz = 0
hAx = 0
hAy = 0
hAz = 0
Dono = O Estado
Descricao = casa
Valor = 1
Hel = 0
Arm = 0
Interior = 8
Lock = 1
TemDono = 0
Rooms = 0
Rent = 200
Rentabil = 1
Takings = 0
Veiculo = 587
color1 = -1
color2 = -1
Data = 87
Nivel = 1
World = 142
Carrox = 278.48779296
Carroy = -1776.74475097
Carroz = 4.03119993
Carroa = 178.26870727
Component0 = 0
Component1 = 0
Component2 = 0
Component3 = 0
Component4 = 0
Component5 = 1010
Component6 = 0
Component7 = 1096
Component8 = 0
Component9 = 1087
Component10 = 0
Component11 = 0
Component12 = 0
Component13 = 0
PaintJob = 3
Neon = 5
VerData = 28/03/2015 as 22:01:29
