hEntx = 2177.06494140
hEnty = 691.55987548
hEntz = 11.46092700
hExitx = 234.08430480
hExity = 1064.68957519
hExitz = 1084.21081542
hHx = 0
hHy = 0
hHz = 0
hAx = 0
hAy = 0
hAz = 0
Dono = O estado
Descricao = Casa Free
Valor = 5000000
Hel = 0
Arm = 0
Interior = 6
Lock = 1
TemDono = 0
Rooms = 0
Rent = 200
Rentabil = 1
Takings = 200
Veiculo = 587
color1 = -1
color2 = -1
Data = 227
Nivel = 7
World = 120
Carrox = 2168.85131835
Carroy = 694.76751708
Carroz = 11.20870018
Carroa = 2.43589997
Neon = 0
