hEntx = 1442.54345703
hEnty = -630.00543212
hEntz = 95.71856689
hExitx = 234.08430480
hExity = 1064.68957519
hExitz = 1084.21081542
hHx = 0
hHy = 0
hHz = 0
hAx = 0
hAy = 0
hAz = 0
Dono = O estado
Descricao = Casa VIP
Valor = 1
Hel = 0
Arm = 0
Interior = 6
Lock = 1
TemDono = 0
Rooms = 0
Rent = 200
Rentabil = 1
Takings = 0
Veiculo = 587
color1 = -1
color2 = -1
Data = 69
Nivel = 1
World = 292
Carrox = 1460.44628906
Carroy = -634.83282470
Carroz = 95.84001922
Carroa = 179.34002685
Component0 = 1138
Component1 = 0
Component2 = 1032
Component3 = 1027
Component4 = 0
Component5 = 1010
Component6 = 1028
Component7 = 1085
Component8 = 0
Component9 = 1087
Component10 = 1169
Component11 = 1141
Component12 = 0
Component13 = 0
PaintJob = 0
Neon = 0
VerData = 10/03/2015 as 00:06:24
