hEntx = 1094.95983886
hEnty = -646.58111572
hEntz = 113.64843750
hExitx = 140.39999389
hExity = 1370.30004882
hExitz = 1083.86560058
hHx = 0
hHy = 0
hHz = 0
hAx = 0
hAy = 0
hAz = 0
Dono = O Estado
Descricao = Casa VIP
Valor = 1
Hel = 0
Arm = 0
Interior = 5
Lock = 1
TemDono = 0
Rooms = 0
Rent = 200
Rentabil = 1
Takings = 200
Veiculo = 587
color1 = -1
color2 = -1
Data = 88
Nivel = 1
World = 180
Carrox = 1089.70214843
Carroy = -642.20062255
Carroz = 112.97720336
Carroa = 269.75149536
Component0 = 0
Component1 = 0
Component2 = 0
Component3 = 0
Component4 = 0
Component5 = 1010
Component6 = 0
Component7 = 0
Component8 = 0
Component9 = 1087
Component10 = 0
Component11 = 0
Component12 = 0
Component13 = 0
PaintJob = 0
Neon = 5
VerData = 29/03/2015 as 20:20:52
