hEntx = -2855.70776367
hEnty = 840.96649169
hEntz = 40.15882492
hExitx = 234.08430480
hExity = 1064.68957519
hExitz = 1084.21081542
hHx = 0
hHy = 0
hHz = 0
hAx = 0
hAy = 0
hAz = 0
Dono = O estado
Descricao = Casa VIP
Valor = 1
Hel = 0
Arm = 0
Interior = 6
Lock = 1
TemDono = 0
Rooms = 0
Rent = 200
Rentabil = 1
Takings = 0
Veiculo = 587
color1 = -1
color2 = -1
Data = 223
Nivel = 50
World = 229
Carrox = -2853.71923828
Carroy = 836.77722167
Carroz = 40.56169891
Carroa = 239.86289978
Neon = 0
