hEntx = -2723.12939453
hEnty = 3.80692100
hEntz = 7.20312500
hExitx = 234.08430480
hExity = 1064.68957519
hExitz = 1084.21081542
hHx = 0
hHy = 0
hHz = 0
hAx = 0
hAy = 0
hAz = 0
Dono = O estado
Descricao = Casa Free
Valor = 2500000
Hel = 0
Arm = 0
Interior = 6
Lock = 1
TemDono = 0
Rooms = 0
Rent = 99999
Rentabil = 1
Takings = 0
Veiculo = 587
color1 = -1
color2 = -1
Data = 223
Nivel = 8
World = 53
Carrox = -2718.95556640
Carroy = 6.71689987
Carroz = 4.14050006
Carroa = 270.79489135
Neon = 0
