hEntx = -2359.14160156
hEnty = 1117.37597656
hEntz = 55.72656250
hExitx = 234.08430480
hExity = 1064.68957519
hExitz = 1084.21081542
hHx = 0
hHy = 0
hHz = 0
hAx = 0
hAy = 0
hAz = 0
Dono = O estado
Descricao = Casa VIP
Valor = 2500000
Hel = 0
Arm = 0
Interior = 6
Lock = 1
TemDono = 0
Rooms = 0
Rent = 200
Rentabil = 1
Takings = 0
Veiculo = 587
color1 = -1
color2 = -1
Data = 223
Nivel = 50
World = 289
Carrox = -2363.24340820
Carroy = 1116.01965332
Carroz = 55.52909851
Carroa = 158.65859985
Neon = 0
