hEntx = 2111.22924804
hEnty = -1279.67700195
hEntz = 25.68750000
hExitx = 234.08430480
hExity = 1064.68957519
hExitz = 1084.21081542
hHx = 0
hHy = 0
hHz = 0
hAx = 0
hAy = 0
hAz = 0
Dono = O estado
Descricao = Casa VIP
Valor = 100000
Hel = 0
Arm = 0
Interior = 6
Lock = 1
TemDono = 0
Rooms = 0
Rent = 200
Rentabil = 1
Takings = 0
Veiculo = 587
color1 = -1
color2 = -1
Data = 223
Nivel = 100
World = 12
Carrox = 2102.71459960
Carroy = -1277.24291992
Carroz = 25.19669914
Carroa = 178.28080749
Neon = 0
