hEntx = -2685.12500000
hEnty = -96.28091430
hEntz = 7.14437103
hExitx = 2324.41992187
hExity = -1145.56835937
hExitz = 1050.71008300
hHx = 0
hHy = 0
hHz = 0
hAx = 0
hAy = 0
hAz = 0
Dono = O estado
Descricao = Casa Free
Valor = 2500000
Hel = 0
Arm = 0
Interior = 12
Lock = 1
TemDono = 0
Rooms = 0
Rent = 200
Rentabil = 1
Takings = 400
Veiculo = 587
color1 = -1
color2 = -1
Data = 223
Nivel = 8
World = 28
Carrox = -2693.84545898
Carroy = -92.65950012
Carroz = 4.14060020
Carroa = 89.14379882
Neon = 0
