hEntx = 1527.13537597
hEnty = -773.37768554
hEntz = 80.57812500
hExitx = 225.63099670
hExity = 1022.47998046
hExitz = 1084.06994628
hHx = 0
hHy = 0
hHz = 0
hAx = 0
hAy = 0
hAz = 0
Dono = O estado
Descricao = Casa VIP
Valor = 1
Hel = 0
Arm = 0
Interior = 7
Lock = 1
TemDono = 0
Rooms = 0
Rent = 200
Rentabil = 1
Takings = 0
Veiculo = 587
color1 = -1
color2 = -1
Data = 67
Nivel = 1
World = 183
Carrox = 1515.25378417
Carroy = -765.42687988
Carroz = 79.96910095
Carroa = 138.75160217
Component0 = 1147
Component1 = 0
Component2 = 1035
Component3 = 1041
Component4 = 0
Component5 = 1010
Component6 = 1037
Component7 = 1080
Component8 = 0
Component9 = 1087
Component10 = 1171
Component11 = 1148
Component12 = 0
Component13 = 0
PaintJob = 0
Neon = 7
VerData = 08/03/2015 as 21:36:18
