hEntx = 2250.50073242
hEnty = -1281.08984375
hEntz = 25.47656250
hExitx = 225.63099670
hExity = 1022.47998046
hExitz = 1084.06994628
hHx = 0
hHy = 0
hHz = 0
hAx = 0
hAy = 0
hAz = 0
Dono = O estado
Descricao = Casa VIP
Valor = 100000
Hel = 0
Arm = 0
Interior = 7
Lock = 1
TemDono = 0
Rooms = 0
Rent = 50000
Rentabil = 1
Takings = 0
Veiculo = 587
color1 = -1
color2 = -1
Data = 223
Nivel = 100
World = 198
Carrox = 2249.36743164
Carroy = -1293.77197265
Carroz = 23.78129959
Carroa = 268.96508789
Neon = 0
