hEntx = 2126.57006835
hEnty = -1319.36145019
hEntz = 26.58430671
hExitx = 234.08430480
hExity = 1064.68957519
hExitz = 1084.21081542
hHx = 0
hHy = 0
hHz = 0
hAx = 0
hAy = 0
hAz = 0
Dono = O estado
Descricao = Casa VIP
Valor = 1
Hel = 0
Arm = 0
Interior = 6
Lock = 1
TemDono = 0
Rooms = 0
Rent = 200
Rentabil = 1
Takings = 200
Veiculo = 587
color1 = -1
color2 = -1
Data = 68
Nivel = 1
World = 196
Carrox = 2130.47753906
Carroy = -1308.47180175
Carroz = 23.79030036
Carroa = 270.54360961
Component0 = 1138
Component1 = 0
Component2 = 1032
Component3 = 1030
Component4 = 0
Component5 = 1010
Component6 = 1028
Component7 = 1097
Component8 = 0
Component9 = 1087
Component10 = 1169
Component11 = 1141
Component12 = 0
Component13 = 0
PaintJob = 0
Neon = 6
VerData = 09/03/2015 as 17:56:22
