hEntx = 1845.56286621
hEnty = 718.96667480
hEntz = 11.46829223
hExitx = 234.08430480
hExity = 1064.68957519
hExitz = 1084.21081542
hHx = 0
hHy = 0
hHz = 0
hAx = 0
hAy = 0
hAz = 0
Dono = O estado
Descricao = Casa Free
Valor = 5000000
Hel = 0
Arm = 0
Interior = 6
Lock = 1
TemDono = 0
Rooms = 0
Rent = 200
Rentabil = 1
Takings = 0
Veiculo = 587
color1 = -1
color2 = -1
Data = 223
Nivel = 7
World = 102
Carrox = 1849.70947265
Carroy = 726.61187744
Carroz = 11.17249965
Carroa = 271.30050659
Neon = 0
