hEntx = -2904.16186523
hEnty = 1118.60803222
hEntz = 27.07031250
hExitx = 234.08430480
hExity = 1064.68957519
hExitz = 1084.21081542
hHx = 0
hHy = 0
hHz = 0
hAx = 0
hAy = 0
hAz = 0
Dono = O estado
Descricao = Casa VIP
Valor = 1
Hel = 0
Arm = 0
Interior = 6
Lock = 1
TemDono = 0
Rooms = 0
Rent = 200
Rentabil = 1
Takings = 0
Veiculo = 587
color1 = -1
color2 = -1
Data = 223
Nivel = 50
World = 252
Carrox = -2900.44921875
Carroy = 1121.95959472
Carroz = 26.19429969
Carroa = 270.22021484
Neon = 0
