hEntx = 2398.68920898
hEnty = 734.89569091
hEntz = 11.46092700
hExitx = 234.08430480
hExity = 1064.68957519
hExitz = 1084.21081542
hHx = 0
hHy = 0
hHz = 0
hAx = 0
hAy = 0
hAz = 0
Dono = O estado
Descricao = Casa Free
Valor = 5000000
Hel = 0
Arm = 0
Interior = 6
Lock = 1
TemDono = 0
Rooms = 0
Rent = 200
Rentabil = 0
Takings = 0
Veiculo = 587
color1 = -1
color2 = -1
Data = 223
Nivel = 5
World = 137
Carrox = 2406.75976562
Carroy = 730.19818115
Carroz = 11.15970039
Carroa = 180.47000122
Neon = 0
