hEntx = 1440.63549804
hEnty = -926.50250244
hEntz = 39.64062500
hExitx = 27.10000038
hExity = 1341.09997558
hExitz = 1084.37500000
hHx = 0
hHy = 0
hHz = 0
hAx = 0
hAy = 0
hAz = 0
Dono = O Estado
Descricao = Casa Free
Valor = 500000
Hel = 0
Arm = 0
Interior = 10
Lock = 1
TemDono = 0
Rooms = 0
Rent = 666
Rentabil = 1
Takings = 200
Veiculo = 575
color1 = -1
color2 = -1
Data = 90
Nivel = 5
World = 150
Carrox = 1451.45874023
Carroy = -921.78179931
Carroz = 37.27445602
Carroa = 171.99653625
VerData = 31/03/2015 as 17:02:59
Component0 = 0
Component1 = 0
Component2 = 0
Component3 = 0
Component4 = 0
Component5 = 0
Component6 = 0
Component7 = 0
Component8 = 0
Component9 = 0
Component10 = 0
Component11 = 0
Component12 = 0
Component13 = 0
PaintJob = 0
Neon = 0
