hEntx = 2368.74438476
hEnty = 734.33850097
hEntz = 11.46092700
hExitx = 234.08430480
hExity = 1064.68957519
hExitz = 1084.21081542
hHx = 0
hHy = 0
hHz = 0
hAx = 0
hAy = 0
hAz = 0
Dono = O estado
Descricao = Casa Free
Valor = 5000000
Hel = 0
Arm = 0
Interior = 6
Lock = 1
TemDono = 0
Rooms = 0
Rent = 200
Rentabil = 1
Takings = 400
Veiculo = 587
color1 = -1
color2 = -1
Data = 223
Nivel = 6
World = 138
Carrox = 2361.93969726
Carroy = 730.63342285
Carroz = 11.20419979
Carroa = 181.44090270
Neon = 0
