hEntx = -2689.40991210
hEnty = 95.79059600
hEntz = 7.20312500
hExitx = 234.08430480
hExity = 1064.68957519
hExitz = 1084.21081542
hHx = 0
hHy = 0
hHz = 0
hAx = 0
hAy = 0
hAz = 0
Dono = O estado
Descricao = Casa Free
Valor = 2500000
Hel = 0
Arm = 0
Interior = 6
Lock = 1
TemDono = 0
Rooms = 0
Rent = 200
Rentabil = 1
Takings = 1800
Veiculo = 587
color1 = -1
color2 = -1
Data = 223
Nivel = 8
World = 57
Carrox = -2693.65429687
Carroy = 98.56420135
Carroz = 4.13920021
Carroa = 89.82340240
Neon = 0
