hEntx = -2434.05126953
hEnty = 1244.42761230
hEntz = 33.61718750
hExitx = 234.08430480
hExity = 1064.68957519
hExitz = 1084.21081542
hHx = 0
hHy = 0
hHz = 0
hAx = 0
hAy = 0
hAz = 0
Dono = O estado
Descricao = Casa VIP
Valor = 2500000
Hel = 0
Arm = 0
Interior = 6
Lock = 1
TemDono = 0
Rooms = 0
Rent = 200
Rentabil = 1
Takings = 0
Veiculo = 587
color1 = -1
color2 = -1
Data = 223
Nivel = 50
World = 267
Carrox = -2436.91528320
Carroy = 1247.32287597
Carroz = 33.28060150
Carroa = 88.59700012
Neon = 0
