hEntx = 143.17280578
hEnty = -1469.66503906
hEntz = 25.20359802
hExitx = 234.08430480
hExity = 1064.68957519
hExitz = 1084.21081542
hHx = 0
hHy = 0
hHz = 0
hAx = 0
hAy = 0
hAz = 0
Dono = O Estado
Descricao = Casa Free
Valor = 3
Hel = 0
Arm = 0
Interior = 6
Lock = 1
TemDono = 0
Rooms = 0
Rent = 900
Rentabil = 1
Takings = 900
Veiculo = 587
color1 = -1
color2 = -1
Data = 89
Nivel = 3
World = 148
Carrox = 151.32299804
Carroy = -1468.59680175
Carroz = 25.18939971
Carroa = 51.28879928
Component0 = 0
Component1 = 0
Component2 = 0
Component3 = 0
Component4 = 0
Component5 = 0
Component6 = 0
Component7 = 0
Component8 = 0
Component9 = 0
Component10 = 0
Component11 = 0
Component12 = 0
Component13 = 0
PaintJob = 0
Neon = 0
VerData = 30/03/2015 as 20:02:23
