hEntx = 699.71893310
hEnty = -1059.93176269
hEntz = 49.42169189
hExitx = -42.52370071
hExity = 1411.40698242
hExitz = 1084.42968750
hHx = 0
hHy = 0
hHz = 0
hAx = 0
hAy = 0
hAz = 0
Dono = O estado
Descricao = Casa VIP
Valor = 100000
Hel = 0
Arm = 0
Interior = 8
Lock = 1
TemDono = 0
Rooms = 0
Rent = 200
Rentabil = 1
Takings = 200
Veiculo = 587
color1 = -1
color2 = -1
Data = 131
Nivel = 2
World = 157
Carrox = 687.17108154
Carroy = -1073.78027343
Carroz = 49.29959869
Carroa = 60.10480117
Component0 = 1138
Component1 = 0
Component2 = 1032
Component3 = 1027
Component4 = 0
Component5 = 1010
Component6 = 1029
Component7 = 1079
Component8 = 0
Component9 = 1087
Component10 = 1170
Component11 = 1140
Component12 = 0
Component13 = 0
PaintJob = 1
Neon = 5
VerData = 11/05/2014 as 04:44:03
