hEntx = -2792.56152343
hEnty = -145.94741821
hEntz = 7.81309700
hExitx = 234.08430480
hExity = 1064.68957519
hExitz = 1084.21081542
hHx = 0
hHy = 0
hHz = 0
hAx = 0
hAy = 0
hAz = 0
Dono = O estado
Descricao = Casa Free
Valor = 2500000
Hel = 0
Arm = 0
Interior = 6
Lock = 1
TemDono = 0
Rooms = 0
Rent = 200
Rentabil = 1
Takings = 0
Veiculo = 587
color1 = -1
color2 = -1
Data = 223
Nivel = 4
World = 41
Carrox = -2796.01293945
Carroy = -140.62060546
Carroz = 6.99580001
Carroa = 89.11920166
Neon = 0
