hEntx = -2438.18066406
hEnty = 1140.54663085
hEntz = 55.72656250
hExitx = 234.08430480
hExity = 1064.68957519
hExitz = 1084.21081542
hHx = 0
hHy = 0
hHz = 0
hAx = 0
hAy = 0
hAz = 0
Dono = O estado
Descricao = Casa VIP
Valor = 2500000
Hel = 0
Arm = 0
Interior = 6
Lock = 1
TemDono = 0
Rooms = 0
Rent = 200
Rentabil = 1
Takings = 0
Veiculo = 587
color1 = -1
color2 = -1
Data = 223
Nivel = 50
World = 296
Carrox = -2434.99243164
Carroy = 1137.71472167
Carroz = 55.53089904
Carroa = 175.46319580
Neon = 0
