hEntx = -2859.84790039
hEnty = 963.90905761
hEntz = 44.05468750
hExitx = 234.08430480
hExity = 1064.68957519
hExitz = 1084.21081542
hHx = 0
hHy = 0
hHz = 0
hAx = 0
hAy = 0
hAz = 0
Dono = O estado
Descricao = Casa VIP
Valor = 1
Hel = 0
Arm = 0
Interior = 6
Lock = 1
TemDono = 0
Rooms = 0
Rent = 200
Rentabil = 1
Takings = 0
Veiculo = 587
color1 = -1
color2 = -1
Data = 223
Nivel = 50
World = 239
Carrox = -2858.11596679
Carroy = 968.92968750
Carroz = 43.71900177
Carroa = 297.14358520
Neon = 0
