hEntx = -2684.94677734
hEnty = -182.04354858
hEntz = 7.20312500
hExitx = 234.08430480
hExity = 1064.68957519
hExitz = 1084.21081542
hHx = 0
hHy = 0
hHz = 0
hAx = 0
hAy = 0
hAz = 0
Dono = O estado
Descricao = Casa Free
Valor = 2500000
Hel = 0
Arm = 0
Interior = 6
Lock = 1
TemDono = 0
Rooms = 0
Rent = 200
Rentabil = 1
Takings = 200
Veiculo = 587
color1 = -1
color2 = -1
Data = 223
Nivel = 8
World = 36
Carrox = -2693.51806640
Carroy = -178.45129394
Carroz = 4.13980007
Carroa = 91.26719665
Neon = 0
