hEntx = -2435.21166992
hEnty = 1311.01721191
hEntz = 15.79026603
hExitx = 234.08430480
hExity = 1064.68957519
hExitz = 1084.21081542
hHx = 0
hHy = 0
hHz = 0
hAx = 0
hAy = 0
hAz = 0
Dono = O estado
Descricao = Casa VIP
Valor = 2500000
Hel = 0
Arm = 0
Interior = 6
Lock = 1
TemDono = 0
Rooms = 0
Rent = 200
Rentabil = 1
Takings = 0
Veiculo = 587
color1 = -1
color2 = -1
Data = 223
Nivel = 50
World = 272
Carrox = -2436.88110351
Carroy = 1314.20996093
Carroz = 15.15359973
Carroa = 91.68409729
Neon = 0
