hEntx = 207.07350158
hEnty = -1770.21545410
hEntz = 4.35074520
hExitx = 2467.49511718
hExity = -1698.40368652
hExitz = 1013.50781250
hHx = 0
hHy = 0
hHz = 0
hAx = 0
hAy = 0
hAz = 0
Dono = O estado
Descricao = Casa VIP
Valor = 2
Hel = 0
Arm = 0
Interior = 2
Lock = 1
TemDono = 0
Rooms = 0
Rent = 200
Rentabil = 1
Takings = 5200
Veiculo = 587
color1 = -1
color2 = -1
Data = 65
Nivel = 2
World = 145
Carrox = 205.93710327
Carroy = -1776.19897460
Carroz = 3.52130007
Carroa = 179.91000366
Component0 = 0
Component1 = 0
Component2 = 0
Component3 = 0
Component4 = 0
Component5 = 0
Component6 = 0
Component7 = 0
Component8 = 0
Component9 = 0
Component10 = 0
Component11 = 0
Component12 = 0
Component13 = 0
PaintJob = 0
Neon = 6
VerData = 06/03/2015 as 23:29:05
