hEntx = 565.38275146
hEnty = -1112.22534179
hEntz = 62.80635833
hExitx = 234.08430480
hExity = 1064.68957519
hExitz = 1084.21081542
hHx = 0
hHy = 0
hHz = 0
hAx = 0
hAy = 0
hAz = 0
Dono = O estado
Descricao = Casa VIP
Valor = 100000
Hel = 0
Arm = 0
Interior = 6
Lock = 1
TemDono = 0
Rooms = 0
Rent = 200
Rentabil = 1
Takings = 0
Veiculo = 587
color1 = -1
color2 = -1
Data = 223
Nivel = 50
World = 161
Carrox = 568.57379150
Carroy = -1131.70544433
Carroz = 50.45050048
Carroa = 118.39859771
Neon = 0
