hEntx = 1846.17529296
hEnty = 690.56604003
hEntz = 11.45312500
hExitx = 234.08430480
hExity = 1064.68957519
hExitz = 1084.21081542
hHx = 0
hHy = 0
hHz = 0
hAx = 0
hAy = 0
hAz = 0
Dono = O estado
Descricao = Casa Free
Valor = 5000000
Hel = 0
Arm = 0
Interior = 6
Lock = 1
TemDono = 0
Rooms = 0
Rent = 200
Rentabil = 1
Takings = 800
Veiculo = 587
color1 = -1
color2 = -1
Data = 223
Nivel = 7
World = 103
Carrox = 1849.10217285
Carroy = 698.55358886
Carroz = 11.20160007
Carroa = 271.16400146
Neon = 0
