hEntx = -2727.53540039
hEnty = -51.24634170
hEntz = 7.18481302
hExitx = 234.08430480
hExity = 1064.68957519
hExitz = 1084.21081542
hHx = 0
hHy = 0
hHz = 0
hAx = 0
hAy = 0
hAz = 0
Dono = O estado
Descricao = Casa Free
Valor = 2500000
Hel = 0
Arm = 0
Interior = 6
Lock = 1
TemDono = 0
Rooms = 0
Rent = 200
Rentabil = 1
Takings = 0
Veiculo = 587
color1 = -1
color2 = -1
Data = 223
Nivel = 8
World = 48
Carrox = -2718.45849609
Carroy = -55.45809936
Carroz = 4.14550018
Carroa = 271.03210449
Neon = 0
