hEntx = 2090.73852539
hEnty = 693.88958740
hEntz = 11.46092700
hExitx = 234.08430480
hExity = 1064.68957519
hExitz = 1084.21081542
hHx = 0
hHy = 0
hHz = 0
hAx = 0
hAy = 0
hAz = 0
Dono = O estado
Descricao = Casa Free
Valor = 1
Hel = 0
Arm = 0
Interior = 6
Lock = 1
TemDono = 0
Rooms = 0
Rent = 200
Rentabil = 1
Takings = 0
Veiculo = 587
color1 = -1
color2 = -1
Data = 259
Nivel = 7
World = 111
Carrox = 2084.12646484
Carroy = 690.28521728
Carroz = 11.19769954
Carroa = 179.54550170
Neon = 0
