hEntx = -2792.64697265
hEnty = -107.45977783
hEntz = 7.75553703
hExitx = 2324.41992187
hExity = -1145.56835937
hExitz = 1050.71008300
hHx = 0
hHy = 0
hHz = 0
hAx = 0
hAy = 0
hAz = 0
Dono = O estado
Descricao = Casa Free
Valor = 1200000
Hel = 0
Arm = 0
Interior = 12
Lock = 1
TemDono = 0
Rooms = 0
Rent = 200
Rentabil = 1
Takings = 0
Veiculo = 587
color1 = -1
color2 = -1
Data = 223
Nivel = 5
World = 45
Carrox = -2796.13964843
Carroy = -102.22689819
Carroz = 6.99569988
Carroa = 90.56420135
Neon = 0
