hEntx = 2132.26147460
hEnty = -1280.81250000
hEntz = 25.89062500
hExitx = 234.08430480
hExity = 1064.68957519
hExitz = 1084.21081542
hHx = 0
hHy = 0
hHz = 0
hAx = 0
hAy = 0
hAz = 0
Dono = O estado
Descricao = Casa VIP
Valor = 100000
Hel = 0
Arm = 0
Interior = 6
Lock = 1
TemDono = 0
Rooms = 0
Rent = 200
Rentabil = 1
Takings = 300
Veiculo = 587
color1 = -1
color2 = -1
Data = 66
Nivel = 1
World = 13
Carrox = 2137.53051757
Carroy = -1279.04394531
Carroz = 25.02350044
Carroa = 180.39300537
Component0 = 0
Component1 = 0
Component2 = 0
Component3 = 0
Component4 = 0
Component5 = 0
Component6 = 0
Component7 = 0
Component8 = 0
Component9 = 0
Component10 = 0
Component11 = 0
Component12 = 0
Component13 = 0
PaintJob = 0
Neon = 0
VerData = 07/03/2015 as 20:09:31
