hEntx = 1421.84143066
hEnty = -885.41333007
hEntz = 50.65639877
hExitx = 234.08430480
hExity = 1064.68957519
hExitz = 1084.21081542
hHx = 0
hHy = 0
hHz = 0
hAx = 0
hAy = 0
hAz = 0
Dono = O estado
Descricao = Casa VIP
Valor = 50000
Hel = 0
Arm = 0
Interior = 6
Lock = 1
TemDono = 0
Rooms = 0
Rent = 200
Rentabil = 1
Takings = 0
Veiculo = 587
color1 = -1
color2 = -1
Data = 131
Nivel = 1
World = 295
Carrox = 1429.66894531
Carroy = -884.08776855
Carroz = 50.73893737
Carroa = 89.00705718
Component0 = 1146
Component1 = 0
Component2 = 1035
Component3 = 1041
Component4 = 0
Component5 = 1010
Component6 = 1034
Component7 = 1025
Component8 = 0
Component9 = 1087
Component10 = 1171
Component11 = 1149
Component12 = 0
Component13 = 0
PaintJob = 1
Neon = 6
VerData = 11/05/2014 as 14:11:52
