hEntx = 2003.20056152
hEnty = -1595.11157226
hEntz = 13.57592010
hExitx = 2324.51513671
hExity = -1148.67102050
hExitz = 1050.71008300
hHx = 0
hHy = 0
hHz = 0
hAx = 0
hAy = 0
hAz = 0
Dono = O Estado
Descricao = Casa Free
Valor = 1000000
Hel = 0
Arm = 0
Interior = 12
Lock = 1
TemDono = 0
Rooms = 0
Rent = 900
Rentabil = 1
Takings = 0
Veiculo = 411
color1 = -1
color2 = -1
Data = 90
Nivel = 5
World = 192
Carrox = 2014.25073242
Carroy = -1597.59191894
Carroz = 13.37329959
Carroa = 135.57209777
VerData = 31/03/2015 as 17:17:33
Component0 = 0
Component1 = 0
Component2 = 0
Component3 = 0
Component4 = 0
Component5 = 0
Component6 = 0
Component7 = 0
Component8 = 0
Component9 = 0
Component10 = 0
Component11 = 0
Component12 = 0
Component13 = 0
PaintJob = 0
Neon = 0
