hEntx = -2883.13671875
hEnty = 743.54486083
hEntz = 29.33220100
hExitx = 234.08430480
hExity = 1064.68957519
hExitz = 1084.21081542
hHx = 0
hHy = 0
hHz = 0
hAx = 0
hAy = 0
hAz = 0
Dono = O estado
Descricao = Casa VIP
Valor = 1
Hel = 0
Arm = 0
Interior = 6
Lock = 1
TemDono = 0
Rooms = 0
Rent = 200
Rentabil = 1
Takings = 0
Veiculo = 587
color1 = -1
color2 = -1
Data = 223
Nivel = 50
World = 221
Carrox = -2880.39038085
Carroy = 740.51391601
Carroz = 29.47750091
Carroa = 275.89941406
Neon = 0
