hEntx = -2904.31811523
hEnty = 1101.18737792
hEntz = 27.07031250
hExitx = 234.08430480
hExity = 1064.68957519
hExitz = 1084.21081542
hHx = 0
hHy = 0
hHz = 0
hAx = 0
hAy = 0
hAz = 0
Dono = O estado
Descricao = Casa VIP
Valor = 1
Hel = 0
Arm = 0
Interior = 6
Lock = 1
TemDono = 0
Rooms = 0
Rent = 200
Rentabil = 1
Takings = 0
Veiculo = 587
color1 = -1
color2 = -1
Data = 223
Nivel = 50
World = 250
Carrox = -2900.42846679
Carroy = 1097.87866210
Carroz = 27.12709999
Carroa = 269.06430053
Neon = 0
