hEntx = -2690.07006835
hEnty = -152.75694274
hEntz = 5.00000000
hExitx = 234.08430480
hExity = 1064.68957519
hExitz = 1084.21081542
hHx = 0
hHy = 0
hHz = 0
hAx = 0
hAy = 0
hAz = 0
Dono = O estado
Descricao = Casa Free
Valor = 2500000
Hel = 0
Arm = 0
Interior = 6
Lock = 1
TemDono = 0
Rooms = 0
Rent = 200
Rentabil = 200
Takings = 1150
Veiculo = 587
color1 = -1
color2 = -1
Data = 223
Nivel = 8
World = 34
Carrox = -2693.63208007
Carroy = -147.36289978
Carroz = 4.14010000
Carroa = 90.21849822
Neon = 0
