hEntx = 2016.91882324
hEnty = -1703.35241699
hEntz = 14.17330932
hExitx = 301.35818481
hExity = 306.25039672
hExitz = 1003.53912353
hHx = 0
hHy = 0
hHz = 0
hAx = 0
hAy = 0
hAz = 0
Dono = O Estado
Descricao = Casa Free
Valor = 1
Hel = 0
Arm = 0
Interior = 4
Lock = 1
TemDono = 0
Rooms = 0
Rent = 200
Rentabil = 1
Takings = 800
Veiculo = 522
color1 = -1
color2 = -1
Data = 84
Nivel = 1
World = 16
Carrox = 2016.42321777
Carroy = -1707.78759765
Carroz = 13.25170040
Carroa = 89.21640014
VerData = 25/03/2015 as 13:03:11
Component0 = 0
Component1 = 0
Component2 = 0
Component3 = 0
Component4 = 0
Component5 = 1010
Component6 = 0
Component7 = 0
Component8 = 0
Component9 = 1087
Component10 = 0
Component11 = 0
Component12 = 0
Component13 = 0
PaintJob = 3
Neon = 5
