hEntx = -2868.07958984
hEnty = 820.77447509
hEntz = 39.36841964
hExitx = 234.08430480
hExity = 1064.68957519
hExitz = 1084.21081542
hHx = 0
hHy = 0
hHz = 0
hAx = 0
hAy = 0
hAz = 0
Dono = O estado
Descricao = Casa VIP
Valor = 1
Hel = 0
Arm = 0
Interior = 6
Lock = 1
TemDono = 0
Rooms = 0
Rent = 200
Rentabil = 1
Takings = 0
Veiculo = 587
color1 = -1
color2 = -1
Data = 223
Nivel = 50
World = 226
Carrox = -2867.07910156
Carroy = 816.80310058
Carroz = 38.95029830
Carroa = 240.35800170
Neon = 0
