TemDono = 0
Dono = The State
Descricao = Iglesia LS
Extorcao = Ninguém
EX = 2224.94262695
EY = -1342.69702148
EZ = 24.94684791
ExX = 1964.11108398
ExY = -349.94281005
ExZ = 1092.94543457
Level = 1
Preco = 1
CustoEntrada = 5000
Till = 70000
Locked = 2
Interior = 0
Produtos = 19297
MaxProdutos = 0
PrecoProdutos = 10
ProdutosRequeridos = 28974
Mundo = 0
World = 0
Data = 376
