TemDono = 0
Dono = The State
Descricao = Loja De Armas
Extorcao = Ninguém
EX = 1518.83813476
EY = -1452.17065429
EZ = 14.20312500
ExX = 315.58630371
ExY = -142.53610229
ExZ = 999.60162353
Level = 2
Preco = 5000000
CustoEntrada = 1000
Till = 1000
Locked = 0
Interior = 7
Descricao = Loja De Armas
Produtos = 15727
MaxProdutos = 0
PrecoProdutos = 10
ProdutosRequeridos = 31776
Mundo = 0
World = 0
Data = 273
