ÿTemDono = 1
Dono = The State
Descricao = Banco de Los Santos
Extorcao = Ninguém
EX = 1462.39575195
EY = -1012.39117431
EZ = 26.84379959
ExX = 1092.80822753
ExY = -152.36909484
ExZ = 1001.11602783
Level = 1
Preco = 5000000
CustoEntrada = 5000
Till = 941880
Locked = 0
Interior = 0
Mundo = 10
Produtos = 17375
MaxProdutos = 0
PrecoProdutos = 1
ProdutosRequeridos = 200000
TemDono = 0
World = 10
Data = 115
