TemDono = 0
Dono = The State
Descricao = Loja de Armas Norte
Extorcao = Ninguém
EX = 1791.21203613
EY = -1164.63171386
EZ = 23.82810020
ExX = 316.39019775
ExY = -169.80009460
ExZ = 999.60101318
Level = 5
Preco = 1
CustoEntrada = 5000
Till = 35000
Locked = 0
Interior = 6
Produtos = 15757
MaxProdutos = 0
PrecoProdutos = 999
ProdutosRequeridos = 999
Mundo = 0
World = 0
Data = 108
