ÿTemDono = 0
Dono = The State
Descricao = Loja de Chapeus
Extorcao = Ninguém
EX = 1157.07336425
EY = -1506.61535644
EZ = 15.79687500
ExX = 203.75720214
ExY = -49.87390136
ExZ = 1001.80468750
Level = 1
Preco = 850000
CustoEntrada = 5000
Till = 45000
Locked = 0
Interior = 1
Produtos = 8241
MaxProdutos = 0
PrecoProdutos = 100
ProdutosRequeridos = 26278
Mundo = 0
World = 0
Data = 112
TemDono = 0
