TemDono = 0
Dono = The State
Descricao = Habilidades
Extorcao = Ninguém
EX = 1676.27734375
EY = -1635.70971679
EZ = 14.22656250
ExX = 202.14942932
ExY = -195.83930969
ExZ = 1000.52349853
Level = 1
Preco = 1
CustoEntrada = 5000
Till = 75000
Locked = 2
Interior = 0
Produtos = 19294
MaxProdutos = 0
PrecoProdutos = 10
ProdutosRequeridos = 28974
Mundo = 0
World = 0
Data = 376
