TemDono = 0
Dono = The State
Descricao = Tienda de Armas central
Extorcao = Ninguno
EX = 1366.17614746
EY = -1279.86791992
EZ = 13.54687500
ExX = 285.73379516
ExY = -86.13790130
ExZ = 1001.52288818
Level = 1
Preco = 1400000
CustoEntrada = 5000
Till = 1589480
Locked = 1
Interior = 4
Produtos = 17006
MaxProdutos = 0
PrecoProdutos = 50000
ProdutosRequeridos = 35295
Mundo = 0
World = 0
Data = 115
Dinheiro = 142953
Materiais = 74230
