TemDono = 0
Dono = The State
Descricao = REGISTRO CIVIL
Extorcao = Ninguém
EX = 1450.43322753
EY = -2287.18090820
EZ = 13.54687690
ExX = 929.79296875
ExY = -1022.22540283
ExZ = -49.35655975
Level = 1
Preco = 1
CustoEntrada = 5000
Till = 60000
Locked = 2
Interior = 0
Produtos = 19303
MaxProdutos = 0
PrecoProdutos = 10
ProdutosRequeridos = 28974
Mundo = 0
World = 0
Data = 376
