TemDono = 0
Dono = The State
Descricao = Cassino Four Dragons
Extorcao = Ninguém
EX = 619.87677001
EY = -1628.69213867
EZ = 16.67609977
ExX = 2016.66931152
ExY = 1017.69299316
ExZ = 996.87500000
Level = 3
Preco = 9000000
CustoEntrada = 5000
Till = 45000
Locked = 0
Interior = 10
Produtos = 18733
MaxProdutos = 0
PrecoProdutos = 1500
ProdutosRequeridos = 1
Mundo = 0
World = 0
Data = 112
