TemDono = 0
Dono = The State
Descricao = Armeria Pueblerina
Extorcao = Ninguém
EX = 243.29260253
EY = -178.37950134
EZ = 1.58220005
ExX = 305.92755126
ExY = -141.65495300
ExZ = 1004.05474853
Level = 6
Preco = 1
CustoEntrada = 5000
Till = 70000
Locked = 2
Interior = 7
Produtos = 19297
MaxProdutos = 0
PrecoProdutos = 10
ProdutosRequeridos = 28974
Mundo = 0
World = 0
Data = 365
Dinheiro = 41311
Materiais = 21358
