TemDono = 0
Dono = The State
Descricao = Centro de Licencas
Extorcao = Ninguém
EX = 1462.70617675
EY = -1470.75488281
EZ = 13.53908348
ExX = 1494.42785644
ExY = 1304.13745117
ExZ = 1093.28906250
Level = 1
Preco = 1
CustoEntrada = 10
Till = 340
Locked = 1
Interior = 3
Produtos = 21391
MaxProdutos = 0
PrecoProdutos = 10
ProdutosRequeridos = 30884
Mundo = 0
World = 0
Data = 0
