TemDono = 0
Dono = The State
Descricao = Pizzeria
Extorcao = Ninguém
EX = 2262.26220703
EY = -1943.11218261
EZ = 13.53934288
ExX = 2312.34887695
ExY = -812.56707763
ExZ = 1428.99194335
Level = 1
Preco = 1
CustoEntrada = 5000
Till = 70000
Locked = 2
Interior = 0
Produtos = 19297
MaxProdutos = 0
PrecoProdutos = 10
ProdutosRequeridos = 28974
Mundo = 0
World = 0
Data = 376
