TemDono = 0
Dono = The State
Descricao = Casino
Extorcao = Ninguém
EX = 1022.45080566
EY = -1121.77197265
EZ = 23.87176895
ExX = 2234.05493164
ExY = 1711.98010253
ExZ = 1011.68572998
Level = 1
Preco = 5000000
CustoEntrada = 5000
Till = 25000
Locked = 0
Interior = 1
Produtos = 19966
MaxProdutos = 0
PrecoProdutos = 60
ProdutosRequeridos = 999
Mundo = 0
World = 0
Data = 273
