TemDono = 0
Dono = The State
Descricao = Tienda de Cascos
Extorcao = Ninguém
EX = 1688.78674316
EY = -1450.00866699
EZ = 13.54687500
ExX = 1688.69323730
ExY = -1452.19641113
ExZ = 13.55225753
Level = 1
Preco = 100
CustoEntrada = 5000
Till = 85000
Locked = 2
Interior = 0
Produtos = 19288
MaxProdutos = 0
PrecoProdutos = 10
ProdutosRequeridos = 28974
Mundo = 0
World = 0
Data = 376
