TemDono = 0
Dono = The State
Descricao = Tienda de Objetos
Extorcao = Ninguém
EX = 1170.82800292
EY = -1489.60827636
EZ = 22.75520324
ExX = 1004.30285644
ExY = 52.14142608
ExZ = 55.32211685
Level = 1
Preco = 1
CustoEntrada = 5000
Till = 70000
Locked = 2
Interior = 0
Produtos = 19297
MaxProdutos = 0
PrecoProdutos = 10
ProdutosRequeridos = 28974
Mundo = 0
World = 0
Data = 376
