TemDono = 0
Dono = The State
Descricao = Pizzeria
Extorcao = Ninguém
EX = 369.82733154
EY = -1726.10412597
EZ = 7.12465572
ExX = 370.39077758
ExY = -1720.27331542
ExZ = 17.03851127
Level = 1
Preco = 1
CustoEntrada = 5000
Till = 65000
Locked = 2
Interior = 0
Produtos = 19300
MaxProdutos = 0
PrecoProdutos = 10
ProdutosRequeridos = 28974
Mundo = 0
World = 0
Data = 376
Dinheiro = 122941
Materiais = 63830
