TemDono = 0
Dono = The State
Descricao = Loja de Armas 1
Extorcao = Ninguém
EX = 1069.49865722
EY = -1873.67626953
EZ = 13.54687500
ExX = 285.63580322
ExY = -40.92760086
ExZ = 1001.51562500
Level = 1
Preco = 5000000
CustoEntrada = 5000
Till = 37500
Locked = 0
Interior = 1
Produtos = 18241
MaxProdutos = 0
PrecoProdutos = 50000
ProdutosRequeridos = 9999999
Mundo = 0
World = 0
Data = 113
