TemDono = 0
Dono = The State
Descricao = Pizzeria
Extorcao = Ninguém
EX = 2302.70483398
EY = -16.36893272
EZ = 26.48437500
ExX = 2305.77783203
ExY = -16.11914443
ExZ = 26.74956512
Level = 10
Preco = 10000
CustoEntrada = 20
Till = 0
Locked = 0
Interior = 0
Produtos = 19291
MaxProdutos = 0
PrecoProdutos = 10
ProdutosRequeridos = 28974
Mundo = 0
World = 0
Data = 376
Dinheiro = 101180
ganancias = Ninguno
