ÿTemDono = 0
Dono = The State
Descricao = Loja de Macaras
Extorcao = Ninguém
EX = 1099.76550292
EY = -1507.19250488
EZ = 15.79687500
ExX = -794.93621826
ExY = 490.63238525
ExZ = 1376.19531250
Level = 1
Preco = 1000000
CustoEntrada = 5000
Till = 1525000
Locked = 0
Interior = 1
Produtos = 18642
MaxProdutos = 0
PrecoProdutos = 100
ProdutosRequeridos = 200
Mundo = 0
World = 0
Data = 113
TemDono = 0
