TemDono = 0
Dono = The State
Descricao = Bibloteca
Extorcao = Ninguém
EX = 1306.92871093
EY = -1331.97351074
EZ = 13.49300384
ExX = 911.42407226
ExY = -1013.10540771
ExZ = 14.61505508
Level = 1
Preco = 1
CustoEntrada = 100
Till = 90000
Locked = 2
Interior = 0
Produtos = 19285
MaxProdutos = 0
PrecoProdutos = 10
ProdutosRequeridos = 28974
Mundo = 0
World = 0
Data = 376
