TemDono = 0
Dono = The State
Descricao = Tienda Pemex
Extorcao = Ninguém
EX = 1778.65490722
EY = -1785.49279785
EZ = 13.52996730
ExX = 1778.67785644
ExY = -1787.88403320
ExZ = 13.52880477
Level = 1
Preco = 1
CustoEntrada = 5000
Till = 70000
Locked = 2
Interior = 0
Produtos = 19297
MaxProdutos = 0
PrecoProdutos = 10
ProdutosRequeridos = 28974
Mundo = 0
World = 0
Data = 376
