TemDono = 0
Dono = The State
Descricao = Pizzeria
Extorcao = Ninguém
EX = 2334.50000000
EY = 61.57854080
EZ = 26.48403739
ExX = 1133.11206054
ExY = -9.69130039
ExZ = 1000.67968750
Level = 1
Preco = 1
CustoEntrada = 5000
Till = 80000
Locked = 2
Interior = 4
Produtos = 19291
MaxProdutos = 0
PrecoProdutos = 10
ProdutosRequeridos = 28974
Mundo = 0
World = 30
Data = 376
