hEntx = 2206.88769531
hEnty = 654.93847656
hEntz = 11.46829223
hExitx = 234.08430480
hExity = 1064.68957519
hExitz = 1084.21081542
hHx = 0
hHy = 0
hHz = 0
hAx = 0
hAy = 0
hAz = 0
Dono = O estado
Descricao = Casa Free
Valor = 60000
Hel = 0
Arm = 0
Interior = 6
Lock = 1
TemDono = 0
Rooms = 0
Rent = 200
Rentabil = 0
Takings = 0
Veiculo = 475
color1 = -1
color2 = -1
Data = 223
Nivel = 5
World = 126
Carrox = 2214.25292968
Carroy = 650.45178222
Carroz = 11.14760017
Carroa = 180.27609252
Neon = 0
ParedeCor = 0
PortaCor = 0
