hEntx = 1846.67675781
hEnty = 740.96130371
hEntz = 11.46092700
hExitx = 235.50900268
hExity = 1189.16992187
hExitz = 1080.25781250
hHx = 0
hHy = 0
hHz = 0
hAx = 0
hAy = 0
hAz = 0
Dono = O estado
Descricao = Casa Free
Valor = 60000
Hel = 0
Arm = 0
Interior = 3
Lock = 1
TemDono = 0
Rooms = 0
Rent = 200
Rentabil = 1
Takings = 0
Veiculo = 475
color1 = -1
color2 = -1
Data = 148
Nivel = 5
World = 101
Carrox = 1849.50427246
Carroy = 734.10992431
Carroz = 11.22220039
Carroa = 268.07949829
Neon = 0
ParedeCor = 0
PortaCor = 0
