hEntx = 647.75085449
hEnty = -1058.23596191
hEntz = 52.57991790
hExitx = 234.08430480
hExity = 1064.68957519
hExitz = 1084.21081542
hHx = 0
hHy = 0
hHz = 0
hAx = 0
hAy = 0
hAz = 0
Dono = O estado
Descricao = Casa VIP
Valor = 60000
Hel = 0
Arm = 0
Interior = 6
Lock = 1
TemDono = 0
Rooms = 0
Rent = 200
Rentabil = 1
Takings = 0
Veiculo = 475
color1 = -1
color2 = -1
Data = 149
Nivel = 5
World = 159
Carrox = 658.33050537
Carroy = -1065.47363281
Carroz = 48.63420104
Carroa = 137.18389892
Neon = 0
ParedeCor = 0
PortaCor = 0
