hEntx = 192.91926574
hEnty = -1770.05261230
hEntz = 4.30918121
hExitx = 234.08430480
hExity = 1064.68957519
hExitz = 1084.21081542
hHx = 0
hHy = 0
hHz = 0
hAx = 0
hAy = 0
hAz = 0
Dono = O estado
Descricao = Casa VIP
Valor = 60000
Hel = 0
Arm = 0
Interior = 6
Lock = 1
TemDono = 0
Rooms = 0
Rent = 200
Rentabil = 1
Takings = 0
Veiculo = 475
color1 = -1
color2 = -1
Data = 151
Nivel = 5
World = 146
Carrox = 192.60710144
Carroy = -1776.25183105
Carroz = 3.44899988
Carroa = 179.24189758
Component0 = 1162
Component1 = 0
Component2 = 1067
Component3 = 1071
Component4 = 0
Component5 = 1010
Component6 = 1065
Component7 = 1074
Component8 = 0
Component9 = 1087
Component10 = 1160
Component11 = 1159
Component12 = 0
Component13 = 0
PaintJob = 1
Neon = 8
VerData = 23/02/2015 as 02:58:39
ParedeCor = 0
PortaCor = 0
