hEntx = 2397.90625000
hEnty = 654.66027832
hEntz = 11.46092700
hExitx = 225.63099670
hExity = 1022.47998046
hExitz = 1084.06994628
hHx = 0
hHy = 0
hHz = 0
hAx = 0
hAy = 0
hAz = 0
Dono = O estado
Descricao = Casa Free
Valor = 60000
Hel = 0
Arm = 0
Interior = 7
Lock = 1
TemDono = 0
Rooms = 0
Rent = 2000
Rentabil = 1
Takings = 0
Veiculo = 475
color1 = -1
color2 = -1
Data = 223
Nivel = 5
World = 132
Carrox = 2406.12963867
Carroy = 649.71447753
Carroz = 11.12479972
Carroa = 181.15809631
Neon = 0
ParedeCor = 0
PortaCor = 0
