hEntx = -2434.17626953
hEnty = 1281.43579101
hEntz = 23.74218750
hExitx = 234.08430480
hExity = 1064.68957519
hExitz = 1084.21081542
hHx = 0
hHy = 0
hHz = 0
hAx = 0
hAy = 0
hAz = 0
Dono = O estado
Descricao = Casa VIP
Valor = 60000
Hel = 0
Arm = 0
Interior = 6
Lock = 1
TemDono = 0
Rooms = 0
Rent = 200
Rentabil = 1
Takings = 0
Veiculo = 475
color1 = -1
color2 = -1
Data = 223
Nivel = 5
World = 270
Carrox = -2436.43652343
Carroy = 1284.93103027
Carroz = 23.21269989
Carroa = 89.18080139
Neon = 0
ParedeCor = 0
PortaCor = 0
