hEntx = -2620.19702148
hEnty = -173.25067138
hEntz = 5.00000000
hExitx = 27.10000038
hExity = 1341.09997558
hExitz = 1084.37500000
hHx = 0
hHy = 0
hHz = 0
hAx = 0
hAy = 0
hAz = 0
Dono = O estado
Descricao = Casa Free
Valor = 60000
Hel = 0
Arm = 0
Interior = 10
Lock = 1
TemDono = 0
Rooms = 0
Rent = 200
Rentabil = 1
Takings = 5000
Veiculo = 475
color1 = -1
color2 = -1
Data = 88
Nivel = 5
World = 22
Carrox = -2616.47680664
Carroy = -178.44670104
Carroz = 4.13980007
Carroa = 269.75000000
Neon = 0
VerData = 29/03/2015 as 16:41:22
ParedeCor = 0
PortaCor = 0
