hEntx = 724.92657470
hEnty = -998.78771972
hEntz = 52.73437500
hExitx = 234.08430480
hExity = 1064.68957519
hExitz = 1084.21081542
hHx = 0
hHy = 0
hHz = 0
hAx = 0
hAy = 0
hAz = 0
Dono = O estado
Descricao = Casa VIP
Valor = 60000
Hel = 0
Arm = 0
Interior = 6
Lock = 1
TemDono = 0
Rooms = 0
Rent = 200
Rentabil = 1
Takings = 0
Veiculo = 475
color1 = -1
color2 = -1
Data = 186
Nivel = 5
World = 158
Carrox = 726.21221923
Carroy = -994.78991699
Carroz = 52.46630096
Carroa = 60.29280090
Component0 = 0
Component1 = 0
Component2 = 0
Component3 = 0
Component4 = 0
Component5 = 1010
Component6 = 0
Component7 = 1076
Component8 = 0
Component9 = 1087
Component10 = 0
Component11 = 0
Component12 = 0
Component13 = 0
PaintJob = 0
Neon = 6
VerData = 06/03/2015 as 11:12:22
ParedeCor = 0
PortaCor = 0
