hEntx = 1854.00451660
hEnty = -1914.83398437
hEntz = 15.25679969
hExitx = 234.08430480
hExity = 1064.68957519
hExitz = 1084.21081542
hHx = 0
hHy = 0
hHz = 0
hAx = 0
hAy = 0
hAz = 0
Dono = O estado
Descricao = Casa Free
Valor = 60000
Hel = 0
Arm = 0
Interior = 6
Lock = 1
TemDono = 0
Rooms = 1
Rent = 200
Rentabil = 1
Takings = 0
Veiculo = 475
color1 = -1
color2 = -1
Data = 295
Nivel = 5
World = 1
Carrox = 1849.50280761
Carroy = -1925.57373046
Carroz = 13.08749961
Carroa = 269.04019165
VerData = 29/03/2015 as 12:55:48
Component0 = 0
Component1 = 0
Component2 = 0
Component3 = 0
Component4 = 0
Component5 = 0
Component6 = 0
Component7 = 0
Component8 = 0
Component9 = 0
Component10 = 0
Component11 = 0
Component12 = 0
Component13 = 0
PaintJob = 4
Neon = 0
ParedeCor = 0
PortaCor = 0
