hEntx = 1441.70312500
hEnty = 2569.31567382
hEntz = 10.82030200
hExitx = 328.04748535
hExity = 1478.44750976
hExitz = 1084.43750000
hHx = 0
hHy = 0
hHz = 0
hAx = 0
hAy = 0
hAz = 0
Dono = O estado
Descricao = Casa Free
Valor = 60000
Hel = 0
Arm = 0
Interior = 15
Lock = 1
TemDono = 0
Rooms = 0
Rent = 200
Rentabil = 1
Takings = 0
Veiculo = 475
color1 = -1
color2 = -1
Data = 349
Nivel = 5
World = 95
Carrox = 1433.98156738
Carroy = 2577.81420898
Carroz = 10.62339973
Carroa = 90.26409912
VerData = 15/12/2013 as 13:08:45
Neon = 0
ParedeCor = 0
PortaCor = 0
