hEntx = 652.19561767
hEnty = -1619.95397949
hEntz = 15.00000000
hExitx = 234.08430480
hExity = 1064.68957519
hExitz = 1084.21081542
hHx = 0
hHy = 0
hHz = 0
hAx = 0
hAy = 0
hAz = 0
Dono = O estado
Descricao = Casa VIP
Valor = 60000
Hel = 0
Arm = 0
Interior = 6
Lock = 1
TemDono = 0
Rooms = 0
Rent = 200
Rentabil = 1
Takings = 0
Veiculo = 475
color1 = -1
color2 = -1
Data = 198
Nivel = 5
World = 215
Carrox = 646.07067871
Carroy = -1613.94348144
Carroz = 15.07750034
Carroa = 2.63890004
VerData = 14/10/2014 as 21:11:42
Neon = 0
ParedeCor = 0
PortaCor = 0
