hEntx = -2887.49316406
hEnty = 1002.14270019
hEntz = 40.71875000
hExitx = 234.08430480
hExity = 1064.68957519
hExitz = 1084.21081542
hHx = 0
hHy = 0
hHz = 0
hAx = 0
hAy = 0
hAz = 0
Dono = O estado
Descricao = Casa VIP
Valor = 60000
Hel = 0
Arm = 0
Interior = 6
Lock = 1
TemDono = 0
Rooms = 0
Rent = 200
Rentabil = 1
Takings = 0
Veiculo = 475
color1 = -1
color2 = -1
Data = 223
Nivel = 5
World = 242
Carrox = -2882.19042968
Carroy = 1001.64758300
Carroz = 39.43640136
Carroa = 301.22720336
Neon = 0
ParedeCor = 0
PortaCor = 0
