hEntx = 1534.22094726
hEnty = -800.30273437
hEntz = 72.84945678
hExitx = 234.08430480
hExity = 1064.68957519
hExitz = 1084.21081542
hHx = 0
hHy = 0
hHz = 0
hAx = 0
hAy = 0
hAz = 0
Dono = O estado
Descricao = Casa VIP
Valor = 60000
Hel = 0
Arm = 0
Interior = 6
Lock = 1
TemDono = 0
Rooms = 0
Rent = 200
Rentabil = 1
Takings = 0
Veiculo = 475
color1 = -1
color2 = -1
Data = 147
Nivel = 5
World = 184
Carrox = 1530.77539062
Carroy = -812.92138671
Carroz = 71.80259704
Carroa = 88.58219909
Component0 = 0
Component1 = 0
Component2 = 0
Component3 = 0
Component4 = 0
Component5 = 1010
Component6 = 1034
Component7 = 1078
Component8 = 0
Component9 = 1087
Component10 = 0
Component11 = 0
Component12 = 0
Component13 = 0
PaintJob = 0
Neon = 5
VerData = 10/05/2014 as 19:56:20
ParedeCor = 0
PortaCor = 0
