hEntx = -2882.11059570
hEnty = 726.59600830
hEntz = 29.20079231
hExitx = 234.08430480
hExity = 1064.68957519
hExitz = 1084.21081542
hHx = 0
hHy = 0
hHz = 0
hAx = 0
hAy = 0
hAz = 0
Dono = O estado
Descricao = Casa VIP
Valor = 60000
Hel = 0
Arm = 0
Interior = 6
Lock = 1
TemDono = 0
Rooms = 0
Rent = 200
Rentabil = 1
Takings = 0
Veiculo = 475
color1 = -1
color2 = -1
Data = 223
Nivel = 5
World = 219
Carrox = -2878.19287109
Carroy = 724.34802246
Carroz = 29.01910018
Carroa = 277.65240478
Neon = 0
ParedeCor = 0
PortaCor = 0
