hEntx = -2622.77441406
hEnty = -99.60385131
hEntz = 7.17377614
hExitx = 234.08430480
hExity = 1064.68957519
hExitz = 1084.21081542
hHx = 0
hHy = 0
hHz = 0
hAx = 0
hAy = 0
hAz = 0
Dono = O estado
Descricao = Casa Free
Valor = 60000
Hel = 0
Arm = 0
Interior = 6
Lock = 1
TemDono = 0
Rooms = 0
Rent = 200
Rentabil = 1
Takings = 0
Veiculo = 475
color1 = -1
color2 = -1
Data = 223
Nivel = 5
World = 27
Carrox = -2616.43774414
Carroy = -96.58740234
Carroz = 4.14010000
Carroa = 270.43078613
Neon = 0
ParedeCor = 0
PortaCor = 0
