hEntx = -2863.10864257
hEnty = 829.50988769
hEntz = 39.58543395
hExitx = 234.08430480
hExity = 1064.68957519
hExitz = 1084.21081542
hHx = 0
hHy = 0
hHz = 0
hAx = 0
hAy = 0
hAz = 0
Dono = O estado
Descricao = Casa VIP
Valor = 60000
Hel = 0
Arm = 0
Interior = 6
Lock = 1
TemDono = 0
Rooms = 0
Rent = 200
Rentabil = 1
Takings = 0
Veiculo = 475
color1 = -1
color2 = -1
Data = 223
Nivel = 5
World = 227
Carrox = -2861.79174804
Carroy = 825.06317138
Carroz = 39.39360046
Carroa = 240.37350463
Neon = 0
ParedeCor = 0
PortaCor = 0
