hEntx = 1364.31103515
hEnty = 2525.38940429
hEntz = 10.82030200
hExitx = 234.08430480
hExity = 1064.68957519
hExitz = 1084.21081542
hHx = 0
hHy = 0
hHz = 0
hAx = 0
hAy = 0
hAz = 0
Dono = O estado
Descricao = Casa Free
Valor = 60000
Hel = 0
Arm = 0
Interior = 6
Lock = 1
TemDono = 0
Rooms = 0
Rent = 200
Rentabil = 0
Takings = 5900
Veiculo = 475
color1 = -1
color2 = -1
Data = 198
Nivel = 5
World = 72
Carrox = 1366.52844238
Carroy = 2520.10498046
Carroz = 10.62460041
Carroa = 271.25170898
Neon = 0
ParedeCor = 0
PortaCor = 0
