hEntx = 2013.73229980
hEnty = 651.94519042
hEntz = 11.46092700
hExitx = 260.40750122
hExity = 1238.66455078
hExitz = 1084.25781250
hHx = 0
hHy = 0
hHz = 0
hAx = 0
hAy = 0
hAz = 0
Dono = O estado
Descricao = Casa Free
Valor = 60000
Hel = 0
Arm = 0
Interior = 9
Lock = 1
TemDono = 0
Rooms = 0
Rent = 200
Rentabil = 1
Takings = 0
Veiculo = 475
color1 = -1
color2 = -1
Data = 141
Nivel = 5
World = 105
Carrox = 2005.30456542
Carroy = 656.27380371
Carroz = 11.15670013
Carroa = 0.74690002
Neon = 0
ParedeCor = 0
PortaCor = 0
