hEntx = -2882.92187500
hEnty = 736.72753906
hEntz = 29.27872657
hExitx = 234.08430480
hExity = 1064.68957519
hExitz = 1084.21081542
hHx = 0
hHy = 0
hHz = 0
hAx = 0
hAy = 0
hAz = 0
Dono = O estado
Descricao = Casa VIP
Valor = 60000
Hel = 0
Arm = 0
Interior = 6
Lock = 1
TemDono = 0
Rooms = 0
Rent = 200
Rentabil = 1
Takings = 0
Veiculo = 475
color1 = -1
color2 = -1
Data = 278
Nivel = 5
World = 220
Carrox = -2879.31811523
Carroy = 734.24499511
Carroz = 29.33580017
Carroa = 274.94650268
VerData = 05/10/2014 as 13:39:11
Neon = 0
ParedeCor = 0
PortaCor = 0
