hEntx = -2764.99047851
hEnty = 375.59646606
hEntz = 6.34297180
hExitx = 234.08430480
hExity = 1064.68957519
hExitz = 1084.21081542
hHx = 0
hHy = 0
hHz = 0
hAx = 0
hAy = 0
hAz = 0
Dono = O estado
Descricao = Casa VIP
Valor = 60000
Hel = 0
Arm = 0
Interior = 6
Lock = 1
TemDono = 0
Rooms = 0
Rent = 200
Rentabil = 1
Takings = 600
Veiculo = 475
color1 = -1
color2 = -1
Data = 147
Nivel = 5
World = 284
Carrox = -2770.22192382
Carroy = 361.19052124
Carroz = 4.48536634
Carroa = 176.52841186
Component0 = 0
Component1 = 0
Component2 = 0
Component3 = 0
Component4 = 0
Component5 = 0
Component6 = 0
Component7 = 0
Component8 = 0
Component9 = 0
Component10 = 0
Component11 = 0
Component12 = 0
Component13 = 0
PaintJob = 0
Neon = 0
VerData = 12/05/2014 as 00:39:52
ParedeCor = 0
PortaCor = 0
