hEntx = 2258.51391601
hEnty = 654.61242675
hEntz = 11.45312500
hExitx = 235.50898742
hExity = 1189.16992187
hExitz = 1080.33996582
hHx = 0
hHy = 0
hHz = 0
hAx = 0
hAy = 0
hAz = 0
Dono = O estado
Descricao = Casa Free
Valor = 60000
Hel = 0
Arm = 0
Interior = 3
Lock = 1
TemDono = 0
Rooms = 0
Rent = 200
Rentabil = 0
Takings = 0
Veiculo = 475
color1 = -1
color2 = -1
Data = 223
Nivel = 5
World = 128
Carrox = 2266.26318359
Carroy = 651.48492431
Carroz = 11.20390033
Carroa = 181.17529296
Neon = 0
ParedeCor = 0
PortaCor = 0
