hEntx = 1845.56286621
hEnty = 718.96667480
hEntz = 11.46829223
hExitx = 225.63099670
hExity = 1022.47998046
hExitz = 1084.01464843
hHx = 0
hHy = 0
hHz = 0
hAx = 0
hAy = 0
hAz = 0
Dono = O estado
Descricao = Casa Free
Valor = 60000
Hel = 0
Arm = 0
Interior = 7
Lock = 1
TemDono = 0
Rooms = 0
Rent = 200
Rentabil = 1
Takings = 0
Veiculo = 475
color1 = -1
color2 = -1
Data = 148
Nivel = 5
World = 102
Carrox = 1849.70947265
Carroy = 726.61187744
Carroz = 11.17249965
Carroa = 271.30050659
Neon = 0
ParedeCor = 0
PortaCor = 0
