hEntx = -2476.93261718
hEnty = 1338.33349609
hEntz = 8.50388336
hExitx = 234.08430480
hExity = 1064.68957519
hExitz = 1084.21081542
hHx = 0
hHy = 0
hHz = 0
hAx = 0
hAy = 0
hAz = 0
Dono = O estado
Descricao = Casa VIP
Valor = 60000
Hel = 0
Arm = 0
Interior = 6
Lock = 1
TemDono = 0
Rooms = 0
Rent = 200
Rentabil = 1
Takings = 0
Veiculo = 475
color1 = -1
color2 = -1
Data = 223
Nivel = 5
World = 259
Carrox = -2474.14965820
Carroy = 1340.72106933
Carroz = 7.93699979
Carroa = 269.51049804
Neon = 0
ParedeCor = 0
PortaCor = 0
