hEntx = 1344.71606445
hEnty = 2609.39257812
hEntz = 11.05491828
hExitx = 225.63099670
hExity = 1022.47998046
hExitz = 1084.06994628
hHx = 0
hHy = 0
hHz = 0
hAx = 0
hAy = 0
hAz = 0
Dono = O estado
Descricao = Casa Free
Valor = 60000
Hel = 0
Arm = 0
Interior = 7
Lock = 1
TemDono = 0
Rooms = 0
Rent = 200
Rentabil = 1
Takings = 0
Veiculo = 475
color1 = -1
color2 = -1
Data = 223
Nivel = 5
World = 66
Carrox = 1353.77722167
Carroy = 2600.79980468
Carroz = 10.62440013
Carroa = 269.24069213
Neon = 0
ParedeCor = 0
PortaCor = 0
