hEntx = -2899.86108398
hEnty = 1073.65930175
hEntz = 32.13281250
hExitx = 234.08430480
hExity = 1064.68957519
hExitz = 1084.21081542
hHx = 0
hHy = 0
hHz = 0
hAx = 0
hAy = 0
hAz = 0
Dono = O estado
Descricao = Casa VIP
Valor = 60000
Hel = 0
Arm = 0
Interior = 6
Lock = 1
TemDono = 0
Rooms = 0
Rent = 200
Rentabil = 1
Takings = 0
Veiculo = 475
color1 = -1
color2 = -1
Data = 223
Nivel = 5
World = 248
Carrox = -2895.90917968
Carroy = 1070.32263183
Carroz = 31.62470054
Carroa = 269.91351318
Neon = 0
ParedeCor = 0
PortaCor = 0
