hEntx = -2689.60742187
hEnty = 75.06082916
hEntz = 7.20312500
hExitx = 234.08430480
hExity = 1064.68957519
hExitz = 1084.21081542
hHx = 0
hHy = 0
hHz = 0
hAx = 0
hAy = 0
hAz = 0
Dono = O estado
Descricao = Casa Free
Valor = 60000
Hel = 0
Arm = 0
Interior = 6
Lock = 1
TemDono = 0
Rooms = 0
Rent = 200
Rentabil = 1
Takings = 0
Veiculo = 475
color1 = -1
color2 = -1
Data = 223
Nivel = 5
World = 56
Carrox = -2693.40185546
Carroy = 72.03880310
Carroz = 4.14020013
Carroa = 91.28649902
Neon = 0
ParedeCor = 0
PortaCor = 0
