hEntx = 2091.60180664
hEnty = -1279.38256835
hEntz = 26.08572769
hExitx = 234.08430480
hExity = 1064.68957519
hExitz = 1084.21081542
hHx = 0
hHy = 0
hHz = 0
hAx = 0
hAy = 0
hAz = 0
Dono = O estado
Descricao = Casa VIP
Valor = 60000
Hel = 0
Arm = 0
Interior = 6
Lock = 1
TemDono = 0
Rooms = 0
Rent = 1000
Rentabil = 0
Takings = 49400
Veiculo = 475
color1 = -1
color2 = -1
Data = 180
Nivel = 5
World = 11
Carrox = 2095.95434570
Carroy = -1280.62670898
Carroz = 25.13960075
Carroa = 179.48579406
Component0 = 0
Component1 = 0
Component2 = 0
Component3 = 0
Component4 = 0
Component5 = 1010
Component6 = 0
Component7 = 1085
Component8 = 0
Component9 = 1087
Component10 = 0
Component11 = 0
Component12 = 0
Component13 = 0
PaintJob = 0
Neon = 10
VerData = 09/05/2014 as 17:13:40
ParedeCor = 0
PortaCor = 0
