hEntx = 2228.32324218
hEnty = 653.46856689
hEntz = 11.46092700
hExitx = 235.50898742
hExity = 1189.16992187
hExitz = 1080.33996582
hHx = 0
hHy = 0
hHz = 0
hAx = 0
hAy = 0
hAz = 0
Dono = O estado
Descricao = Casa Free
Valor = 60000
Hel = 0
Arm = 0
Interior = 3
Lock = 1
TemDono = 0
Rooms = 0
Rent = 2500
Rentabil = 1
Takings = 0
Veiculo = 475
color1 = -1
color2 = -1
Data = 223
Nivel = 5
World = 127
Carrox = 2221.68579101
Carroy = 649.42150878
Carroz = 11.16440010
Carroa = 179.94290161
Neon = 0
ParedeCor = 0
PortaCor = 0
