hEntx = 2449.26904296
hEnty = 713.72497558
hEntz = 11.46829223
hExitx = 260.40750122
hExity = 1238.66455078
hExitz = 1084.25781250
hHx = 0
hHy = 0
hHz = 0
hAx = 0
hAy = 0
hAz = 0
Dono = O estado
Descricao = Casa Free
Valor = 60000
Hel = 0
Arm = 0
Interior = 9
Lock = 1
TemDono = 0
Rooms = 0
Rent = 200
Rentabil = 1
Takings = 0
Veiculo = 475
color1 = -1
color2 = -1
Data = 223
Nivel = 5
World = 135
Carrox = 2444.97924804
Carroy = 706.47467041
Carroz = 11.16989994
Carroa = 92.01229858
Neon = 0
ParedeCor = 0
PortaCor = 0
