hEntx = 612.05975341
hEnty = -1085.40917968
hEntz = 58.82665634
hExitx = 234.08430480
hExity = 1064.68957519
hExitz = 1084.21081542
hHx = 0
hHy = 0
hHz = 0
hAx = 0
hAy = 0
hAz = 0
Dono = O estado
Descricao = Casa VIP
Valor = 60000
Hel = 0
Arm = 0
Interior = 6
Lock = 1
TemDono = 0
Rooms = 0
Rent = 200
Rentabil = 1
Takings = 200
Veiculo = 475
color1 = -1
color2 = -1
Data = 131
Nivel = 5
World = 160
Carrox = 619.46069335
Carroy = -1101.33312988
Carroz = 46.55440139
Carroa = 125.83309936
Component0 = 0
Component1 = 0
Component2 = 0
Component3 = 0
Component4 = 0
Component5 = 0
Component6 = 0
Component7 = 0
Component8 = 0
Component9 = 0
Component10 = 0
Component11 = 0
Component12 = 0
Component13 = 0
PaintJob = 0
Neon = 0
VerData = 11/05/2014 as 18:38:13
ParedeCor = 0
PortaCor = 0
