hEntx = 1226.88757324
hEnty = 2584.75878906
hEntz = 10.82030200
hExitx = 234.08430480
hExity = 1064.68957519
hExitz = 1084.21081542
hHx = 0
hHy = 0
hHz = 0
hAx = 0
hAy = 0
hAz = 0
Dono = O estado
Descricao = Casa Free
Valor = 60000
Hel = 0
Arm = 0
Interior = 6
Lock = 1
TemDono = 0
Rooms = 0
Rent = 2000
Rentabil = 1
Takings = 0
Veiculo = 475
color1 = -1
color2 = -1
Data = 223
Nivel = 5
World = 62
Carrox = 1235.41552734
Carroy = 2591.71289062
Carroz = 10.62430000
Carroa = 270.52389526
Neon = 0
ParedeCor = 0
PortaCor = 0
