hEntx = -2904.73803710
hEnty = 1171.69042968
hEntz = 13.66405200
hExitx = 235.30940246
hExity = 1186.91870117
hExitz = 1080.25781250
hHx = 0
hHy = 0
hHz = 0
hAx = 0
hAy = 0
hAz = 0
Dono = O estado
Descricao = Casa VIP
Valor = 60000
Hel = 0
Arm = 0
Interior = 3
Lock = 1
TemDono = 0
Rooms = 0
Rent = 200
Rentabil = 1
Takings = 0
Veiculo = 475
color1 = -1
color2 = -1
Data = 223
Nivel = 5
World = 255
Carrox = -2900.61791992
Carroy = 1168.05810546
Carroz = 13.10999965
Carroa = 270.31259155
Neon = 0
ParedeCor = 0
PortaCor = 0
