hEntx = -2793.00781250
hEnty = -153.09722900
hEntz = 7.51420402
hExitx = 234.08430480
hExity = 1064.68957519
hExitz = 1084.21081542
hHx = 0
hHy = 0
hHz = 0
hAx = 0
hAy = 0
hAz = 0
Dono = O estado
Descricao = Casa Free
Valor = 60000
Hel = 0
Arm = 0
Interior = 6
Lock = 1
TemDono = 0
Rooms = 0
Rent = 200
Rentabil = 1
Takings = 400
Veiculo = 475
color1 = -1
color2 = -1
Data = 129
Nivel = 5
World = 40
Carrox = -2796.29003906
Carroy = -149.40199279
Carroz = 6.99090003
Carroa = 90.01170349
VerData = 09/05/2014 as 11:25:38
Component0 = 0
Component1 = 0
Component2 = 0
Component3 = 0
Component4 = 0
Component5 = 0
Component6 = 0
Component7 = 0
Component8 = 0
Component9 = 0
Component10 = 0
Component11 = 0
Component12 = 0
Component13 = 0
PaintJob = 0
Neon = 0
ParedeCor = 0
PortaCor = 0
