hEntx = 559.10687255
hEnty = -1075.46276855
hEntz = 72.92198944
hExitx = 234.08430480
hExity = 1064.68957519
hExitz = 1084.21081542
hHx = 0
hHy = 0
hHz = 0
hAx = 0
hAy = 0
hAz = 0
Dono = O estado
Descricao = Casa VIP
Valor = 60000
Hel = 0
Arm = 0
Interior = 6
Lock = 1
TemDono = 0
Rooms = 0
Rent = 200
Rentabil = 1
Takings = 0
Veiculo = 475
color1 = -1
color2 = -1
Data = 150
Nivel = 5
World = 164
Carrox = 565.36968994
Carroy = -1067.46459960
Carroz = 73.20860290
Carroa = 28.78580093
Component0 = 0
Component1 = 0
Component2 = 0
Component3 = 0
Component4 = 0
Component5 = 1010
Component6 = 0
Component7 = 1085
Component8 = 0
Component9 = 1087
Component10 = 0
Component11 = 0
Component12 = 0
Component13 = 0
PaintJob = 0
Neon = 0
VerData = 10/05/2014 as 11:31:14
ParedeCor = 0
PortaCor = 0
