hEntx = -2901.03808593
hEnty = 1033.65332031
hEntz = 36.82812500
hExitx = 234.08430480
hExity = 1064.68957519
hExitz = 1084.21081542
hHx = 0
hHy = 0
hHz = 0
hAx = 0
hAy = 0
hAz = 0
Dono = O estado
Descricao = Casa VIP
Valor = 60000
Hel = 0
Arm = 0
Interior = 6
Lock = 1
TemDono = 0
Rooms = 0
Rent = 200
Rentabil = 1
Takings = 0
Veiculo = 475
color1 = -1
color2 = -1
Data = 223
Nivel = 5
World = 245
Carrox = -2898.45117187
Carroy = 1038.50793457
Carroz = 35.88050079
Carroa = 289.58178710
Neon = 0
ParedeCor = 0
PortaCor = 0
