hEntx = 2100.97314453
hEnty = -1321.12988281
hEntz = 25.95312500
hExitx = 2324.53125000
hExity = -1149.01293945
hExitz = 1050.71008300
hHx = 0
hHy = 0
hHz = 0
hAx = 0
hAy = 0
hAz = 0
Dono = O estado
Descricao = Casa VIP
Valor = 60000
Hel = 0
Arm = 0
Interior = 12
Lock = 1
TemDono = 0
Rooms = 0
Rent = 1000
Rentabil = 1
Takings = 56400
Veiculo = 475
color1 = -1
color2 = -1
Data = 180
Nivel = 5
World = 195
Carrox = 2096.14038085
Carroy = -1320.45690917
Carroz = 24.93840026
Carroa = 357.90039062
Component0 = 0
Component1 = 0
Component2 = 0
Component3 = 0
Component4 = 0
Component5 = 1010
Component6 = 0
Component7 = 1081
Component8 = 0
Component9 = 1087
Component10 = 0
Component11 = 0
Component12 = 0
Component13 = 0
PaintJob = 0
Neon = 9
VerData = 09/03/2015 as 18:45:10
ParedeCor = 0
PortaCor = 0
