hEntx = 1609.58789062
hEnty = 2648.03466796
hEntz = 10.82030200
hExitx = 234.08430480
hExity = 1064.68957519
hExitz = 1084.21081542
hHx = 0
hHy = 0
hHz = 0
hAx = 0
hAy = 0
hAz = 0
Dono = O estado
Descricao = Casa Free
Valor = 60000
Hel = 0
Arm = 0
Interior = 6
Lock = 1
TemDono = 0
Rooms = 0
Rent = 200
Rentabil = 0
Takings = 0
Veiculo = 475
color1 = -1
color2 = -1
Data = 223
Nivel = 5
World = 75
Carrox = 1601.03784179
Carroy = 2655.73364257
Carroz = 10.62399959
Carroa = 90.44560241
Neon = 0
ParedeCor = 0
PortaCor = 0
