hEntx = -2477.01513671
hEnty = 1318.61755371
hEntz = 13.85155200
hExitx = 234.08430480
hExity = 1064.68957519
hExitz = 1084.21081542
hHx = 0
hHy = 0
hHz = 0
hAx = 0
hAy = 0
hAz = 0
Dono = O estado
Descricao = Casa VIP
Valor = 60000
Hel = 0
Arm = 0
Interior = 6
Lock = 1
TemDono = 0
Rooms = 0
Rent = 200
Rentabil = 1
Takings = 0
Veiculo = 475
color1 = -1
color2 = -1
Data = 223
Nivel = 5
World = 260
Carrox = -2473.95190429
Carroy = 1321.40881347
Carroz = 13.19649982
Carroa = 270.74438476
Neon = 0
ParedeCor = 0
PortaCor = 0
