hEntx = -2476.25439453
hEnty = 1281.57934570
hEntz = 23.90625000
hExitx = 234.08430480
hExity = 1064.68957519
hExitz = 1084.21081542
hHx = 0
hHy = 0
hHz = 0
hAx = 0
hAy = 0
hAz = 0
Dono = O estado
Descricao = Casa VIP
Valor = 60000
Hel = 0
Arm = 0
Interior = 6
Lock = 1
TemDono = 0
Rooms = 0
Rent = 200
Rentabil = 1
Takings = 0
Veiculo = 475
color1 = -1
color2 = -1
Data = 223
Nivel = 5
World = 263
Carrox = -2473.85375976
Carroy = 1284.54199218
Carroz = 23.21479988
Carroa = 268.82980346
Neon = 0
ParedeCor = 0
PortaCor = 0
