hEntx = 1459.00585937
hEnty = 2773.44702148
hEntz = 10.82031250
hExitx = 225.63099670
hExity = 1022.47998046
hExitz = 1084.01464843
hHx = 0
hHy = 0
hHz = 0
hAx = 0
hAy = 0
hAz = 0
Dono = O estado
Descricao = Casa VIP
Valor = 60000
Hel = 0
Arm = 0
Interior = 7
Lock = 1
TemDono = 0
Rooms = 0
Rent = 200
Rentabil = 0
Takings = 20900
Veiculo = 475
color1 = -1
color2 = -1
Data = 198
Nivel = 5
World = 290
Carrox = 1463.64855957
Carroy = 2774.22583007
Carroz = 10.67187500
Carroa = 180.33161926
Component0 = 0
Component1 = 0
Component2 = 0
Component3 = 0
Component4 = 0
Component5 = 0
Component6 = 0
Component7 = 0
Component8 = 0
Component9 = 0
Component10 = 0
Component11 = 0
Component12 = 0
Component13 = 0
PaintJob = 2
Neon = 0
VerData = 11/05/2014 as 19:39:50
ParedeCor = 0
PortaCor = 0
