hEntx = -2723.14575195
hEnty = -16.78112411
hEntz = 7.20312500
hExitx = 2324.41992187
hExity = -1145.56835937
hExitz = 1050.71008300
hHx = 0
hHy = 0
hHz = 0
hAx = 0
hAy = 0
hAz = 0
Dono = O estado
Descricao = Casa Free
Valor = 60000
Hel = 0
Arm = 0
Interior = 12
Lock = 1
TemDono = 0
Rooms = 0
Rent = 200
Rentabil = 1
Takings = 0
Veiculo = 475
color1 = -1
color2 = -1
Data = 223
Nivel = 5
World = 52
Carrox = -2718.59765625
Carroy = -19.54809951
Carroz = 4.14589977
Carroa = 269.72790527
Neon = 0
ParedeCor = 0
PortaCor = 0
