hEntx = -2689.49243164
hEnty = -102.19720458
hEntz = 7.20312500
hExitx = 2324.41992187
hExity = -1145.56835937
hExitz = 1050.71008300
hHx = 0
hHy = 0
hHz = 0
hAx = 0
hAy = 0
hAz = 0
Dono = O estado
Descricao = Casa Free
Valor = 60000
Hel = 0
Arm = 0
Interior = 12
Lock = 1
TemDono = 0
Rooms = 0
Rent = 200
Rentabil = 1
Takings = 0
Veiculo = 475
color1 = -1
color2 = -1
Data = 223
Nivel = 5
World = 29
Carrox = -2693.57128906
Carroy = -99.14279937
Carroz = 4.13929986
Carroa = 90.07409667
Neon = 0
ParedeCor = 0
PortaCor = 0
