hEntx = -2791.99584960
hEnty = -133.76312255
hEntz = 10.05467700
hExitx = 234.08430480
hExity = 1064.68957519
hExitz = 1084.21081542
hHx = 0
hHy = 0
hHz = 0
hAx = 0
hAy = 0
hAz = 0
Dono = O estado
Descricao = Casa Free
Valor = 60000
Hel = 0
Arm = 0
Interior = 6
Lock = 1
TemDono = 0
Rooms = 0
Rent = 200
Rentabil = 1
Takings = 0
Veiculo = 475
color1 = -1
color2 = -1
Data = 223
Nivel = 5
World = 42
Carrox = -2796.11083984
Carroy = -136.82229614
Carroz = 6.99149990
Carroa = 90.21260070
Neon = 0
ParedeCor = 0
PortaCor = 0
