hEntx = -2619.34667968
hEnty = -127.56658935
hEntz = 4.33593702
hExitx = 234.08430480
hExity = 1064.68957519
hExitz = 1084.21081542
hHx = 0
hHy = 0
hHz = 0
hAx = 0
hAy = 0
hAz = 0
Dono = O estado
Descricao = Casa Free
Valor = 60000
Hel = 0
Arm = 0
Interior = 6
Lock = 1
TemDono = 0
Rooms = 0
Rent = 200
Rentabil = 1
Takings = 35000
Veiculo = 475
color1 = -1
color2 = -1
Data = 223
Nivel = 5
World = 25
Carrox = -2616.34204101
Carroy = -131.21020507
Carroz = 4.13959980
Carroa = 269.93908691
Neon = 0
ParedeCor = 0
PortaCor = 0
