hEntx = 2749.50585937
hEnty = -1238.69055175
hEntz = 61.53125000
hExitx = 234.08430480
hExity = 1064.68957519
hExitz = 1084.21081542
hHx = 0
hHy = 0
hHz = 0
hAx = 0
hAy = 0
hAz = 0
Dono = O estado
Descricao = Casa Free
Valor = 60000
Hel = 0
Arm = 0
Interior = 6
Lock = 1
TemDono = 0
Rooms = 0
Rent = 200
Rentabil = 1
Takings = 2500
Veiculo = 475
color1 = -1
color2 = -1
Data = 159
Nivel = 5
World = 206
Carrox = 2744.62622070
Carroy = -1235.06042480
Carroz = 61.79339981
Carroa = 88.97100067
VerData = 11/05/2014 as 21:11:49
Component0 = 0
Component1 = 0
Component2 = 0
Component3 = 0
Component4 = 0
Component5 = 0
Component6 = 0
Component7 = 0
Component8 = 0
Component9 = 0
Component10 = 0
Component11 = 0
Component12 = 0
Component13 = 0
PaintJob = 0
Neon = 0
ParedeCor = 0
PortaCor = 0
