hEntx = 1600.46569824
hEnty = 2607.73071289
hEntz = 10.82030200
hExitx = 225.63099670
hExity = 1022.47998046
hExitz = 1084.06994628
hHx = 0
hHy = 0
hHz = 0
hAx = 0
hAy = 0
hAz = 0
Dono = O estado
Descricao = Casa Free
Valor = 60000
Hel = 0
Arm = 0
Interior = 7
Lock = 1
TemDono = 0
Rooms = 0
Rent = 350
Rentabil = 1
Takings = 0
Veiculo = 475
color1 = -1
color2 = -1
Data = 223
Nivel = 5
World = 86
Carrox = 1607.13684082
Carroy = 2602.45776367
Carroz = 10.63109970
Carroa = 269.02578735
Neon = 0
ParedeCor = 0
PortaCor = 0
