hEntx = 2256.93920898
hEnty = 691.11773681
hEntz = 11.45312500
hExitx = 234.08430480
hExity = 1064.68957519
hExitz = 1084.21081542
hHx = 0
hHy = 0
hHz = 0
hAx = 0
hAy = 0
hAz = 0
Dono = O estado
Descricao = Casa Free
Valor = 60000
Hel = 0
Arm = 0
Interior = 6
Lock = 1
TemDono = 0
Rooms = 0
Rent = 200
Rentabil = 1
Takings = 15200
Veiculo = 475
color1 = -1
color2 = -1
Data = 240
Nivel = 5
World = 123
Carrox = 2249.00683593
Carroy = 695.77380371
Carroz = 11.16849994
Carroa = 1.18320000
Neon = 0
ParedeCor = 0
PortaCor = 0
