hEntx = -2351.77197265
hEnty = 1244.51733398
hEntz = 29.69989776
hExitx = 234.08430480
hExity = 1064.68957519
hExitz = 1084.21081542
hHx = 0
hHy = 0
hHz = 0
hAx = 0
hAy = 0
hAz = 0
Dono = O estado
Descricao = Casa VIP
Valor = 60000
Hel = 0
Arm = 0
Interior = 6
Lock = 1
TemDono = 0
Rooms = 0
Rent = 200
Rentabil = 1
Takings = 0
Veiculo = 475
color1 = -1
color2 = -1
Data = 223
Nivel = 5
World = 283
Carrox = -2354.32153320
Carroy = 1250.23474121
Carroz = 28.52009963
Carroa = 88.22730255
Neon = 0
ParedeCor = 0
PortaCor = 0
