hEntx = -2879.47363281
hEnty = 797.43743896
hEntz = 35.55681228
hExitx = 234.08430480
hExity = 1064.68957519
hExitz = 1084.21081542
hHx = 0
hHy = 0
hHz = 0
hAx = 0
hAy = 0
hAz = 0
Dono = O estado
Descricao = Casa VIP
Valor = 60000
Hel = 0
Arm = 0
Interior = 6
Lock = 1
TemDono = 0
Rooms = 0
Rent = 200
Rentabil = 1
Takings = 0
Veiculo = 475
color1 = -1
color2 = -1
Data = 144
Nivel = 5
World = 225
Carrox = -2875.99340820
Carroy = 800.88623046
Carroz = 35.83369827
Carroa = 264.84899902
Neon = 0
ParedeCor = 0
PortaCor = 0
