hEntx = -2476.94702148
hEnty = 1244.51135253
hEntz = 33.60937500
hExitx = 234.08430480
hExity = 1064.68957519
hExitz = 1084.21081542
hHx = 0
hHy = 0
hHz = 0
hAx = 0
hAy = 0
hAz = 0
Dono = O estado
Descricao = Casa VIP
Valor = 60000
Hel = 0
Arm = 0
Interior = 6
Lock = 1
TemDono = 0
Rooms = 0
Rent = 200
Rentabil = 1
Takings = 0
Veiculo = 475
color1 = -1
color2 = -1
Data = 223
Nivel = 5
World = 266
Carrox = -2474.30444335
Carroy = 1247.68151855
Carroz = 33.22290039
Carroa = 273.39190673
Neon = 0
ParedeCor = 0
PortaCor = 0
