hEntx = -2434.98828125
hEnty = 1274.10546875
hEntz = 25.69145774
hExitx = 234.08430480
hExity = 1064.68957519
hExitz = 1084.21081542
hHx = 0
hHy = 0
hHz = 0
hAx = 0
hAy = 0
hAz = 0
Dono = O estado
Descricao = Casa VIP
Valor = 60000
Hel = 0
Arm = 0
Interior = 6
Lock = 1
TemDono = 0
Rooms = 0
Rent = 200
Rentabil = 1
Takings = 0
Veiculo = 475
color1 = -1
color2 = -1
Data = 223
Nivel = 5
World = 269
Carrox = -2437.02514648
Carroy = 1277.52905273
Carroz = 25.10440063
Carroa = 87.15170288
Neon = 0
ParedeCor = 0
PortaCor = 0
