hEntx = 2120.92749023
hEnty = 694.46447753
hEntz = 11.45312500
hExitx = 234.08430480
hExity = 1064.68957519
hExitz = 1084.21081542
hHx = 0
hHy = 0
hHz = 0
hAx = 0
hAy = 0
hAz = 0
Dono = O estado
Descricao = Casa Free
Valor = 60000
Hel = 0
Arm = 0
Interior = 6
Lock = 1
TemDono = 0
Rooms = 0
Rent = 200
Rentabil = 1
Takings = 0
Veiculo = 475
color1 = -1
color2 = -1
Data = 259
Nivel = 5
World = 110
Carrox = 2128.55004882
Carroy = 691.99731445
Carroz = 11.21800041
Carroa = 181.00579833
Neon = 0
ParedeCor = 0
PortaCor = 0
