hEntx = 2807.84619140
hEnty = -1324.91271972
hEntz = 33.65480422
hExitx = 234.08430480
hExity = 1064.68957519
hExitz = 1084.21081542
hHx = 0
hHy = 0
hHz = 0
hAx = 0
hAy = 0
hAz = 0
Dono = O estado
Descricao = Casa Free
Valor = 60000
Hel = 0
Arm = 0
Interior = 6
Lock = 1
TemDono = 0
Rooms = 0
Rent = 200
Rentabil = 1
Takings = 9500
Veiculo = 475
color1 = -1
color2 = -1
Data = 156
Nivel = 5
World = 210
Carrox = 2804.58837890
Carroy = -1332.14782714
Carroz = 31.79450035
Carroa = 88.40899658
VerData = 30/03/2015 as 20:32:06
Component0 = 1138
Component1 = 0
Component2 = 1033
Component3 = 1027
Component4 = 0
Component5 = 1010
Component6 = 1028
Component7 = 1085
Component8 = 0
Component9 = 0
Component10 = 1169
Component11 = 1141
Component12 = 0
Component13 = 0
PaintJob = 2
Neon = 0
ParedeCor = 0
PortaCor = 0
