hEntx = -2793.48339843
hEnty = -127.07551574
hEntz = 7.18750000
hExitx = 234.08430480
hExity = 1064.68957519
hExitz = 1084.21081542
hHx = 0
hHy = 0
hHz = 0
hAx = 0
hAy = 0
hAz = 0
Dono = O estado
Descricao = Casa Free
Valor = 60000
Hel = 0
Arm = 0
Interior = 6
Lock = 1
TemDono = 0
Rooms = 0
Rent = 900
Rentabil = 1
Takings = 0
Veiculo = 475
color1 = -1
color2 = -1
Data = 223
Nivel = 5
World = 43
Carrox = -2795.95703125
Carroy = -120.91660308
Carroz = 6.99450016
Carroa = 90.08779907
Neon = 0
ParedeCor = 0
PortaCor = 0
