hEntx = 1564.39746093
hEnty = 2567.64746093
hEntz = 10.82030200
hExitx = 234.08430480
hExity = 1064.68957519
hExitz = 1084.21081542
hHx = 0
hHy = 0
hHz = 0
hAx = 0
hAy = 0
hAz = 0
Dono = O estado
Descricao = Casa Free
Valor = 60000
Hel = 0
Arm = 0
Interior = 6
Lock = 1
TemDono = 0
Rooms = 0
Rent = 200
Rentabil = 1
Takings = 400
Veiculo = 475
color1 = -1
color2 = -1
Data = 223
Nivel = 5
World = 88
Carrox = 1571.71203613
Carroy = 2576.19750976
Carroz = 10.62399959
Carroa = 0.30099999
Neon = 0
ParedeCor = 0
PortaCor = 0
