hEntx = 2798.05712890
hEnty = -1246.16931152
hEntz = 47.04027557
hExitx = 234.08430480
hExity = 1064.68957519
hExitz = 1084.21081542
hHx = 0
hHy = 0
hHz = 0
hAx = 0
hAy = 0
hAz = 0
Dono = O estado
Descricao = Casa VIP
Valor = 60000
Hel = 0
Arm = 0
Interior = 6
Lock = 1
TemDono = 0
Rooms = 0
Rent = 200
Rentabil = 1
Takings = 66881
Veiculo = 475
color1 = -1
color2 = -1
Data = 157
Nivel = 5
World = 207
Carrox = 2804.50927734
Carroy = -1253.28161621
Carroz = 46.75669860
Carroa = 137.97270202
VerData = 11/05/2014 as 23:05:59
Component0 = 1138
Component1 = 0
Component2 = 1032
Component3 = 1027
Component4 = 0
Component5 = 1010
Component6 = 1028
Component7 = 1079
Component8 = 0
Component9 = 0
Component10 = 1169
Component11 = 1141
Component12 = 0
Component13 = 0
PaintJob = 1
Neon = 7
ParedeCor = 0
PortaCor = 0
