hEntx = -2433.61718750
hEnty = 1264.10729980
hEntz = 28.25781250
hExitx = 234.08430480
hExity = 1064.68957519
hExitz = 1084.21081542
hHx = 0
hHy = 0
hHz = 0
hAx = 0
hAy = 0
hAz = 0
Dono = O estado
Descricao = Casa VIP
Valor = 60000
Hel = 0
Arm = 0
Interior = 6
Lock = 1
TemDono = 0
Rooms = 0
Rent = 200
Rentabil = 1
Takings = 0
Veiculo = 475
color1 = -1
color2 = -1
Data = 223
Nivel = 5
World = 268
Carrox = -2436.48413085
Carroy = 1257.65136718
Carroz = 30.38990020
Carroa = 88.89790344
Neon = 0
ParedeCor = 0
PortaCor = 0
