hEntx = 1551.64660644
hEnty = 2569.61376953
hEntz = 10.82030200
hExitx = 234.08430480
hExity = 1064.68957519
hExitz = 1084.21081542
hHx = 0
hHy = 0
hHz = 0
hAx = 0
hAy = 0
hAz = 0
Dono = O estado
Descricao = Casa Free
Valor = 60000
Hel = 0
Arm = 0
Interior = 6
Lock = 1
TemDono = 0
Rooms = 0
Rent = 200
Rentabil = 0
Takings = 0
Veiculo = 475
color1 = -1
color2 = -1
Data = 223
Nivel = 5
World = 89
Carrox = 1545.81250000
Carroy = 2579.14086914
Carroz = 10.62730026
Carroa = 1.90160000
Neon = 0
ParedeCor = 0
PortaCor = 0
