hEntx = 1665.52917480
hEnty = 2570.30151367
hEntz = 11.05491828
hExitx = 234.08430480
hExity = 1064.68957519
hExitz = 1084.21081542
hHx = 0
hHy = 0
hHz = 0
hAx = 0
hAy = 0
hAz = 0
Dono = O estado
Descricao = Casa Free
Valor = 60000
Hel = 0
Arm = 0
Interior = 6
Lock = 1
TemDono = 0
Rooms = 0
Rent = 200
Rentabil = 1
Takings = 200
Veiculo = 475
color1 = -1
color2 = -1
Data = 223
Nivel = 5
World = 79
Carrox = 1656.15551757
Carroy = 2578.70092773
Carroz = 10.62419986
Carroa = 89.90529632
Neon = 0
ParedeCor = 0
PortaCor = 0
