hEntx = -2382.28491210
hEnty = 1263.26171875
hEntz = 26.34085655
hExitx = 234.08430480
hExity = 1064.68957519
hExitz = 1084.21081542
hHx = 0
hHy = 0
hHz = 0
hAx = 0
hAy = 0
hAz = 0
Dono = O estado
Descricao = Casa VIP
Valor = 60000
Hel = 0
Arm = 0
Interior = 6
Lock = 1
TemDono = 0
Rooms = 0
Rent = 200
Rentabil = 1
Takings = 0
Veiculo = 475
color1 = -1
color2 = -1
Data = 223
Nivel = 5
World = 279
Carrox = -2379.75122070
Carroy = 1268.75891113
Carroz = 25.08049964
Carroa = 273.75790405
Neon = 0
ParedeCor = 0
PortaCor = 0
