hEntx = 2123.10717773
hEnty = 732.81292724
hEntz = 11.46092700
hExitx = 234.08430480
hExity = 1064.68957519
hExitz = 1084.21081542
hHx = 0
hHy = 0
hHz = 0
hAx = 0
hAy = 0
hAz = 0
Dono = O estado
Descricao = Casa Free
Valor = 60000
Hel = 0
Arm = 0
Interior = 6
Lock = 1
TemDono = 0
Rooms = 0
Rent = 200
Rentabil = 1
Takings = 0
Veiculo = 475
color1 = -1
color2 = -1
Data = 148
Nivel = 5
World = 119
Carrox = 2129.01660156
Carroy = 735.84332275
Carroz = 11.21039962
Carroa = 359.12478637
VerData = 28/11/2013 as 15:42:57
Neon = 0
ParedeCor = 0
PortaCor = 0
