hEntx = 1515.98022460
hEnty = 2609.42285156
hEntz = 11.05491828
hExitx = 234.08430480
hExity = 1064.68957519
hExitz = 1084.21081542
hHx = 0
hHy = 0
hHz = 0
hAx = 0
hAy = 0
hAz = 0
Dono = O estado
Descricao = Casa Free
Valor = 60000
Hel = 0
Arm = 0
Interior = 6
Lock = 1
TemDono = 0
Rooms = 0
Rent = 200
Rentabil = 1
Takings = 0
Veiculo = 587
color1 = -1
color2 = -1
Data = 180
Nivel = 5
World = 92
Carrox = 1524.73864746
Carroy = 2601.04907226
Carroz = 10.62609958
Carroa = 89.54820251
Neon = 0
VerData = 06/2020 a las 22:55
ParedeCor = 0
PortaCor = 0
