hEntx = -2352.05737304
hEnty = 1226.22131347
hEntz = 33.08019256
hExitx = 234.08430480
hExity = 1064.68957519
hExitz = 1084.21081542
hHx = 0
hHy = 0
hHz = 0
hAx = 0
hAy = 0
hAz = 0
Dono = O estado
Descricao = Casa VIP
Valor = 60000
Hel = 0
Arm = 0
Interior = 6
Lock = 1
TemDono = 0
Rooms = 0
Rent = 200
Rentabil = 1
Takings = 0
Veiculo = 475
color1 = -1
color2 = -1
Data = 223
Nivel = 5
World = 282
Carrox = -2353.81054687
Carroy = 1232.39172363
Carroz = 31.87779998
Carroa = 86.78800201
Neon = 0
ParedeCor = 0
PortaCor = 0
