hEntx = -2478.85668945
hEnty = 1141.62841796
hEntz = 55.72656250
hExitx = 2261.26977539
hExity = -1135.81250000
hExitz = 1050.63281250
hHx = 0
hHy = 0
hHz = 0
hAx = 0
hAy = 0
hAz = 0
Dono = O estado
Descricao = Casa VIP
Valor = 60000
Hel = 0
Arm = 0
Interior = 10
Lock = 1
TemDono = 0
Rooms = 0
Rent = 200
Rentabil = 1
Takings = 0
Veiculo = 475
color1 = -1
color2 = -1
Data = 223
Nivel = 5
World = 300
Carrox = -2475.31225585
Carroy = 1138.58593750
Carroz = 55.53070068
Carroa = 180.06530761
Neon = 0
ParedeCor = 0
PortaCor = 0
