hEntx = 2167.89624023
hEnty = 772.77270507
hEntz = 11.46092700
hExitx = 234.08430480
hExity = 1064.68957519
hExitz = 1084.21081542
hHx = 0
hHy = 0
hHz = 0
hAx = 0
hAy = 0
hAz = 0
Dono = O estado
Descricao = Casa Free
Valor = 60000
Hel = 0
Arm = 0
Interior = 6
Lock = 1
TemDono = 0
Rooms = 0
Rent = 200
Rentabil = 1
Takings = 0
Veiculo = 475
color1 = -1
color2 = -1
Data = 148
Nivel = 5
World = 140
Carrox = 2165.35571289
Carroy = 779.20452880
Carroz = 11.22690010
Carroa = 90.19960021
Neon = 0
ParedeCor = 0
PortaCor = 0
