hEntx = 2191.63403320
hEnty = -1239.23120117
hEntz = 24.48789978
hExitx = 234.08430480
hExity = 1064.68957519
hExitz = 1084.21081542
hHx = 0
hHy = 0
hHz = 0
hAx = 0
hAy = 0
hAz = 0
Dono = O estado
Descricao = Casa VIP
Valor = 60000
Hel = 0
Arm = 0
Interior = 6
Lock = 1
TemDono = 0
Rooms = 0
Rent = 200
Rentabil = 0
Takings = 0
Veiculo = 475
color1 = -1
color2 = -1
Data = 149
Nivel = 5
World = 182
Carrox = 2188.32373046
Carroy = -1228.86486816
Carroz = 23.67429924
Carroa = 268.83929443
Component0 = 0
Component1 = 0
Component2 = 0
Component3 = 0
Component4 = 0
Component5 = 1010
Component6 = 0
Component7 = 1096
Component8 = 0
Component9 = 1087
Component10 = 0
Component11 = 0
Component12 = 0
Component13 = 0
PaintJob = 0
Neon = 5
VerData = 29/03/2015 as 19:18:55
ParedeCor = 0
PortaCor = 0
