hEntx = -2725.23071289
hEnty = -36.67986679
hEntz = 7.19531202
hExitx = 234.08430480
hExity = 1064.68957519
hExitz = 1084.21081542
hHx = 0
hHy = 0
hHz = 0
hAx = 0
hAy = 0
hAz = 0
Dono = O estado
Descricao = Casa Free
Valor = 60000
Hel = 0
Arm = 0
Interior = 6
Lock = 1
TemDono = 0
Rooms = 0
Rent = 200
Rentabil = 1
Takings = 0
Veiculo = 475
color1 = -1
color2 = -1
Data = 223
Nivel = 5
World = 50
Carrox = -2719.09545898
Carroy = -33.67449951
Carroz = 4.14510011
Carroa = 270.30599975
Neon = 0
ParedeCor = 0
PortaCor = 0
