hEntx = -2476.70556640
hEnty = 1311.09069824
hEntz = 15.48374843
hExitx = 234.08430480
hExity = 1064.68957519
hExitz = 1084.21081542
hHx = 0
hHy = 0
hHz = 0
hAx = 0
hAy = 0
hAz = 0
Dono = O estado
Descricao = Casa VIP
Valor = 60000
Hel = 0
Arm = 0
Interior = 6
Lock = 1
TemDono = 0
Rooms = 0
Rent = 200
Rentabil = 1
Takings = 0
Veiculo = 475
color1 = -1
color2 = -1
Data = 223
Nivel = 5
World = 261
Carrox = -2473.65942382
Carroy = 1314.35412597
Carroz = 15.08650016
Carroa = 269.26870727
Neon = 0
ParedeCor = 0
PortaCor = 0
