hEntx = -2382.31298828
hEnty = 1281.47973632
hEntz = 22.95825576
hExitx = 234.08430480
hExity = 1064.68957519
hExitz = 1084.21081542
hHx = 0
hHy = 0
hHz = 0
hAx = 0
hAy = 0
hAz = 0
Dono = O estado
Descricao = Casa VIP
Valor = 60000
Hel = 0
Arm = 0
Interior = 6
Lock = 1
TemDono = 0
Rooms = 0
Rent = 200
Rentabil = 1
Takings = 0
Veiculo = 475
color1 = -1
color2 = -1
Data = 223
Nivel = 5
World = 278
Carrox = -2380.13867187
Carroy = 1287.27026367
Carroz = 21.65329933
Carroa = 274.12451171
Neon = 0
ParedeCor = 0
PortaCor = 0
