hEntx = 1555.99914550
hEnty = 2660.68725585
hEntz = 10.82030200
hExitx = 2324.41992187
hExity = -1145.56835937
hExitz = 1050.71008300
hHx = 0
hHy = 0
hHz = 0
hAx = 0
hAy = 0
hAz = 0
Dono = O estado
Descricao = Casa Free
Valor = 60000
Hel = 0
Arm = 0
Interior = 12
Lock = 1
TemDono = 0
Rooms = 0
Rent = 99999
Rentabil = 1
Takings = 0
Veiculo = 475
color1 = -1
color2 = -1
Data = 223
Nivel = 5
World = 78
Carrox = 1548.09973144
Carroy = 2665.32519531
Carroz = 10.63389968
Carroa = 359.89291381
Neon = 0
ParedeCor = 0
PortaCor = 0
