hEntx = -2904.41430664
hEnty = 1178.91687011
hEntz = 13.66405200
hExitx = 234.08430480
hExity = 1064.68957519
hExitz = 1084.21081542
hHx = 0
hHy = 0
hHz = 0
hAx = 0
hAy = 0
hAz = 0
Dono = O estado
Descricao = Casa VIP
Valor = 60000
Hel = 0
Arm = 0
Interior = 6
Lock = 1
TemDono = 0
Rooms = 0
Rent = 200
Rentabil = 1
Takings = 0
Veiculo = 475
color1 = -1
color2 = -1
Data = 223
Nivel = 5
World = 256
Carrox = -2900.25781250
Carroy = 1175.39050292
Carroz = 12.79860019
Carroa = 271.13088989
Neon = 0
ParedeCor = 0
PortaCor = 0
