hEntx = 1016.90631103
hEnty = -762.75866699
hEntz = 112.56301879
hExitx = 234.08430480
hExity = 1064.68957519
hExitz = 1084.21081542
hHx = 0
hHy = 0
hHz = 0
hAx = 0
hAy = 0
hAz = 0
Dono = O estado
Descricao = Casa VIP
Valor = 60000
Hel = 0
Arm = 0
Interior = 6
Lock = 1
TemDono = 0
Rooms = 0
Rent = 200
Rentabil = 1
Takings = 0
Veiculo = 475
color1 = -1
color2 = -1
Data = 223
Nivel = 5
World = 173
Carrox = 1024.08483886
Carroy = -777.16442871
Carroz = 102.87500000
Carroa = 180.53010559
Neon = 0
ParedeCor = 0
PortaCor = 0
