hEntx = -2864.28149414
hEnty = 681.79425048
hEntz = 23.46850204
hExitx = 234.08430480
hExity = 1064.68957519
hExitz = 1084.21081542
hHx = 0
hHy = 0
hHz = 0
hAx = 0
hAy = 0
hAz = 0
Dono = O estado
Descricao = Casa VIP
Valor = 60000
Hel = 0
Arm = 0
Interior = 6
Lock = 1
TemDono = 0
Rooms = 0
Rent = 200
Rentabil = 1
Takings = 0
Veiculo = 475
color1 = -1
color2 = -1
Data = 223
Nivel = 5
World = 216
Carrox = -2863.12109375
Carroy = 686.52288818
Carroz = 23.19249916
Carroa = 294.97808837
Neon = 0
ParedeCor = 0
PortaCor = 0
