hEntx = -2690.50708007
hEnty = 64.50623321
hEntz = 4.75339221
hExitx = 24.06380081
hExity = 1340.16540527
hExitz = 1084.37500000
hHx = 0
hHy = 0
hHz = 0
hAx = 0
hAy = 0
hAz = 0
Dono = O estado
Descricao = Casa Free
Valor = 60000
Hel = 0
Arm = 0
Interior = 10
Lock = 1
TemDono = 0
Rooms = 0
Rent = 200
Rentabil = 1
Takings = 0
Veiculo = 475
color1 = -1
color2 = -1
Data = 191
Nivel = 5
World = 55
Carrox = -2693.89624023
Carroy = 68.25579833
Carroz = 4.13990020
Carroa = 88.85359954
Neon = 0
ParedeCor = 0
PortaCor = 0
