hEntx = 768.47589111
hEnty = -1696.68798828
hEntz = 5.15541601
hExitx = 234.08430480
hExity = 1064.68957519
hExitz = 1084.21081542
hHx = 0
hHy = 0
hHz = 0
hAx = 0
hAy = 0
hAz = 0
Dono = O estado
Descricao = Casa VIP
Valor = 60000
Hel = 0
Arm = 0
Interior = 6
Lock = 1
TemDono = 0
Rooms = 0
Rent = 200
Rentabil = 1
Takings = 45900
Veiculo = 475
color1 = -1
color2 = -1
Data = 198
Nivel = 5
World = 213
Carrox = 762.40338134
Carroy = -1691.14099121
Carroz = 4.31500005
Carroa = 0.98320001
Neon = 0
ParedeCor = 0
PortaCor = 0
