hEntx = -2900.06787109
hEnty = 1056.89685058
hEntz = 32.13281250
hExitx = 234.08430480
hExity = 1064.68957519
hExitz = 1084.21081542
hHx = 0
hHy = 0
hHz = 0
hAx = 0
hAy = 0
hAz = 0
Dono = O estado
Descricao = Casa VIP
Valor = 60000
Hel = 0
Arm = 0
Interior = 6
Lock = 1
TemDono = 0
Rooms = 0
Rent = 200
Rentabil = 1
Takings = 0
Veiculo = 475
color1 = -1
color2 = -1
Data = 223
Nivel = 5
World = 246
Carrox = -2895.86035156
Carroy = 1053.50842285
Carroz = 32.26060104
Carroa = 270.54360961
Neon = 0
ParedeCor = 0
PortaCor = 0
