hEntx = -2689.45288085
hEnty = -140.81459045
hEntz = 7.20312500
hExitx = 234.08430480
hExity = 1064.68957519
hExitz = 1084.21081542
hHx = 0
hHy = 0
hHz = 0
hAx = 0
hAy = 0
hAz = 0
Dono = O estado
Descricao = Casa Free
Valor = 60000
Hel = 0
Arm = 0
Interior = 6
Lock = 1
TemDono = 0
Rooms = 0
Rent = 200
Rentabil = 0
Takings = 102399
Veiculo = 475
color1 = -1
color2 = -1
Data = 223
Nivel = 5
World = 33
Carrox = -2693.63354492
Carroy = -143.66499328
Carroz = 4.14029979
Carroa = 90.49739837
Neon = 0
ParedeCor = 0
PortaCor = 0
