hEntx = -2871.97387695
hEnty = 697.49920654
hEntz = 23.46778106
hExitx = 234.08430480
hExity = 1064.68957519
hExitz = 1084.21081542
hHx = 0
hHy = 0
hHz = 0
hAx = 0
hAy = 0
hAz = 0
Dono = O estado
Descricao = Casa VIP
Valor = 60000
Hel = 0
Arm = 0
Interior = 6
Lock = 1
TemDono = 0
Rooms = 0
Rent = 200
Rentabil = 1
Takings = 0
Veiculo = 475
color1 = -1
color2 = -1
Data = 223
Nivel = 5
World = 218
Carrox = -2870.85961914
Carroy = 702.26641845
Carroz = 23.45599937
Carroa = 293.68939208
Neon = 0
ParedeCor = 0
PortaCor = 0
