name = Willowfield
dono = 0
color = -1431655766
minx = 2089.00000000
miny = -2235.80004882
maxx = 2201.80004882
maxy = -1989.90002441
