name = Temple
dono = 0
color = -1431655766
minx = 1096.40002441
miny = -1130.80004882
maxx = 1252.30004882
maxy = -1026.30004882
