name = Navio de Cargas
dono = 14
color = 14221482
minx = 721.47998046
miny = -2263.62011718
maxx = 985.47998046
maxy = -2173.19995117
