name = East Beach
dono = 14
color = 14221482
minx = 2632.80004882
miny = -1668.09997558
maxx = 2747.69995117
maxy = -1393.40002441
