name = Idlewood
dono = 14
color = 14221482
minx = 2124.60009765
miny = -1742.30004882
maxx = 2222.50000000
maxy = -1494.00000000
