name = Vinewood
dono = 0
color = -1431655766
minx = 787.40002441
miny = -1310.19995117
maxx = 952.59997558
maxy = -1130.80004882
