name = Jefferson
dono = 0
color = -1431655766
minx = 2185.30004882
miny = -1210.69995117
maxx = 2281.39990234
maxy = -1154.50000000
