name = Cemiterio
dono = 14
color = 14221482
minx = 787.40002441
miny = -1130.80004882
maxx = 945.70001220
maxy = -1056.01000976
