Modelo = 559
CarroX = 1669.59082031
CarroY = -1715.31018066
CarroZ = 15.60937500
CarroA = 4.34631729
cor1 = 1
cor2 = 1
Dono = Ninguém
Descricao = Nenhuma
Valor = 10000
Licence = 0
TemDono = 0
Trancado = 0
Grana = 97200
Entrada = 1000
Date = 90
OCarroX = 1669.59082031
OCarroY = -1715.31018066
OCarroZ = 15.60937500
OCarroA = 4.34631729
