Modelo = 559
CarroX = 1712.60266113
CarroY = -1007.00115966
CarroZ = 23.91403770
CarroA = 353.38323974
cor1 = 1
cor2 = 1
Dono = Dealership
Descricao = 
Valor = 50000
Licence = 0
TemDono = 0
Trancado = 0
Grana = 100
Descricao = Nunca Viu Uma Luiz Trazeira ;)
Entrada = 1000
Date = 0
OCarroX = 1712.60266113
OCarroY = -1007.00115966
OCarroZ = 23.91403770
OCarroA = 353.38323974
