Modelo = 559
CarroX = 1656.53747558
CarroY = -1018.39086914
CarroZ = 23.89843750
CarroA = 10.82431030
cor1 = 1
cor2 = 1
Dono = Dealership
Descricao = Concessionaria
Valor = 50000
Licence = 0
TemDono = 0
Trancado = 0
Grana = 16100
Entrada = 2000
Date = 0
OCarroX = 1656.53747558
OCarroY = -1018.39086914
OCarroZ = 23.89843750
OCarroA = 10.82431030
