Modelo = 559
CarroX = 1708.46728515
CarroY = -1006.09777832
CarroZ = 23.91403770
CarroA = 355.85864257
cor1 = 1
cor2 = 1
Dono = Dealership
Descricao = Sem Dono
Valor = 50000
Licence = 0
TemDono = 0
Trancado = 0
Grana = 0
Entrada = 1000
Date = 0
OCarroX = 1708.46728515
OCarroY = -1006.09777832
OCarroZ = 23.91403770
OCarroA = 355.85864257
