Modelo = 559
CarroX = 1627.61267089
CarroY = -1012.41546630
CarroZ = 23.89843750
CarroA = 342.05868530
cor1 = 1
cor2 = 1
Dono = Dealership
Descricao = KKK HUEHUE BRBR
Valor = 50000
Licence = 0
TemDono = 0
Trancado = 0
Grana = 67700
Entrada = 2000
Date = 0
OCarroX = 1627.61267089
OCarroY = -1012.41546630
OCarroZ = 23.89843750
OCarroA = 342.05868530
