Modelo = 559
CarroX = 1546.92016601
CarroY = -1025.39599609
CarroZ = 23.90625000
CarroA = 163.18170166
cor1 = 1
cor2 = 1
Dono = Ninguém
Descricao = Nenhuma
Valor = 10000
Licence = 0
TemDono = 0
Trancado = 0
Grana = 142000
Entrada = 2000
Date = 90
OCarroX = 1546.92016601
OCarroY = -1025.39599609
OCarroZ = 23.90625000
OCarroA = 163.18170166
