Modelo = 559
CarroX = 1679.02709960
CarroY = -1012.58416748
CarroZ = 23.89843750
CarroA = 19.37451934
cor1 = 1
cor2 = 1
Dono = Dealership
Descricao = Concessionaria
Valor = 50000
Licence = 0
TemDono = 0
Trancado = 0
Grana = 84700
Entrada = 2000
Date = 0
OCarroX = 1679.02709960
OCarroY = -1012.58416748
OCarroZ = 23.89843750
OCarroA = 19.37451934
