Modelo = 559
CarroX = 1640.75244140
CarroY = -1036.14331054
CarroZ = 23.89843750
CarroA = 181.39662170
cor1 = 1
cor2 = 1
Dono = Dealership
Descricao = Sem Dono
Valor = 10000
Licence = 0
TemDono = 0
Trancado = 0
Grana = 0
Entrada = 1000
Date = 0
OCarroX = 1640.75244140
OCarroY = -1036.14331054
OCarroZ = 23.89843750
OCarroA = 181.39662170
