Modelo = 559
CarroX = 1694.26818847
CarroY = -1033.82958984
CarroZ = 23.90625000
CarroA = 180.77784729
cor1 = 1
cor2 = 1
Dono = Dealership
Descricao = NÃO ENTRE
Valor = 50000
Licence = 0
TemDono = 0
Trancado = 0
Grana = 0
Entrada = 2000
Date = 0
OCarroX = 1694.26818847
OCarroY = -1033.82958984
OCarroZ = 23.90625000
OCarroA = 180.77784729
