Modelo = 559
CarroX = 1694.40869140
CarroY = -1044.32177734
CarroZ = 23.90625000
CarroA = 0.44674926
cor1 = 1
cor2 = 1
Dono = Dealership
Descricao = Sem Dono
Valor = 10000
Licence = 0
TemDono = 0
Trancado = 0
Grana = 0
Entrada = 2000
Date = 0
OCarroX = 1694.40869140
OCarroY = -1044.32177734
OCarroZ = 23.90625000
OCarroA = 0.44674926
