Modelo = 559
CarroX = 1576.50708007
CarroY = -1013.21850585
CarroZ = 23.90625000
CarroA = 1.44901907
cor1 = 1
cor2 = 1
Dono = Dealership
Descricao = Concessionaria
Valor = 50000
Licence = 0
TemDono = 0
Trancado = 0
Grana = 27831
Entrada = 1000
Date = 0
OCarroX = 1576.50708007
OCarroY = -1013.21850585
OCarroZ = 23.90625000
OCarroA = 1.44901907
