Modelo = 559
CarroX = 1668.99011230
CarroY = -1707.65515136
CarroZ = 15.60937500
CarroA = 3.52119922
cor1 = 1
cor2 = 1
Dono = Ninguém
Descricao = Sem Dono
Valor = 10000
Licence = 0
TemDono = 0
Trancado = 0
Grana = 17700
Entrada = 1000
Date = 68
OCarroX = 1668.99011230
OCarroY = -1707.65515136
OCarroZ = 15.60937500
OCarroA = 3.52119922
