Modelo = 559
CarroX = 1647.82824707
CarroY = -1693.85192871
CarroZ = 20.44845581
CarroA = 89.53970336
cor1 = 1
cor2 = 1
Dono = Dealership
Descricao = Sem Dono
Valor = 10000
Licence = 0
TemDono = 0
Trancado = 0
Grana = 21300
Entrada = 1000
Date = 0
OCarroX = 1647.82824707
OCarroY = -1693.85192871
OCarroZ = 20.44845581
OCarroA = 89.53970336
