Modelo = 559
CarroX = 1735.02307128
CarroY = -1011.31005859
CarroZ = 23.95277976
CarroA = 347.49392700
cor1 = 1
cor2 = 1
Dono = Dealership
Descricao = Gostou ? Bunito Mesmo, Entra ai
Valor = 50000
Licence = 0
TemDono = 0
Trancado = 0
Grana = 5600
Entrada = 2000
Date = 0
OCarroX = 1735.02307128
OCarroY = -1011.31005859
OCarroZ = 23.95277976
OCarroA = 347.49392700
