Modelo = 559
CarroX = 1669.83947753
CarroY = -1700.78649902
CarroZ = 20.48437500
CarroA = 267.35278320
cor1 = 1
cor2 = 1
Dono = Dealership
Descricao = Sem Dono
Valor = 10000
Licence = 0
TemDono = 0
Trancado = 0
Grana = 1000
Entrada = 1000
Date = 0
OCarroX = 1669.83947753
OCarroY = -1700.78649902
OCarroZ = 20.48437500
OCarroA = 267.35278320
