Modelo = 559
CarroX = 1744.01770019
CarroY = -1013.38934326
CarroZ = 23.96093750
CarroA = 347.49386596
cor1 = 1
cor2 = 1
Dono = Dealership
Descricao = Sem Dono
Valor = 50000
Licence = 0
TemDono = 0
Trancado = 0
Grana = 2400
Entrada = 2000
Date = 0
OCarroX = 1744.01770019
OCarroY = -1013.38934326
OCarroZ = 23.96093750
OCarroA = 347.49386596
