Modelo = 559
CarroX = 1594.99548339
CarroY = -1010.16802978
CarroZ = 23.90625000
CarroA = 10.52528667
cor1 = 1
cor2 = 1
Dono = Dealership
Descricao = Concessionaria
Valor = 50000
Licence = 0
TemDono = 0
Trancado = 0
Grana = 25100
Entrada = 2000
Date = 0
OCarroX = 1594.99548339
OCarroY = -1010.16802978
OCarroZ = 23.90625000
OCarroA = 10.52528667
