Modelo = 559
CarroX = 1685.44885253
CarroY = -1045.16333007
CarroZ = 23.90625000
CarroA = 359.82867431
cor1 = 1
cor2 = 1
Dono = Dealership
Descricao = Sem Dono
Valor = 10000
Licence = 0
TemDono = 0
Trancado = 0
Grana = 30800
Entrada = 2000
Date = 0
OCarroX = 1685.44885253
OCarroY = -1045.16333007
OCarroZ = 23.90625000
OCarroA = 359.82867431
