Modelo = 559
CarroX = 1627.16674804
CarroY = -1047.31823730
CarroZ = 23.89843750
CarroA = 1.52071344
cor1 = 1
cor2 = 1
Dono = Dealership
Descricao = Concessionaria
Valor = 10000
Licence = 0
TemDono = 0
Trancado = 0
Grana = 29600
Entrada = 1000
Date = 0
OCarroX = 1627.16674804
OCarroY = -1047.31823730
OCarroZ = 23.89843750
OCarroA = 1.52071344
