Modelo = 559
CarroX = 1644.90832519
CarroY = -1017.81939697
CarroZ = 23.89843750
CarroA = 342.56402587
cor1 = 1
cor2 = 1
Dono = Dealership
Descricao = Concessionaria
Valor = 50000
Licence = 0
TemDono = 0
Trancado = 0
Grana = 2000
Entrada = 1000
Date = 0
OCarroX = 1644.90832519
OCarroY = -1017.81939697
OCarroZ = 23.89843750
OCarroA = 342.56402587
