Modelo = 559
CarroX = 1608.78466796
CarroY = -1010.17211914
CarroZ = 23.90625000
CarroA = 0.21121771
cor1 = 1
cor2 = 1
Dono = Dealership
Descricao = Bike TERRORISTA
Valor = 50000
Licence = 0
TemDono = 0
Trancado = 0
Grana = 3500
Entrada = 1000
Date = 0
OCarroX = 1608.78466796
OCarroY = -1010.17211914
OCarroZ = 23.90625000
OCarroA = 0.21121771
