Modelo = 559
CarroX = 1617.75280761
CarroY = -1009.89538574
CarroZ = 23.89843750
CarroA = 358.97396850
cor1 = 1
cor2 = 1
Dono = Ninguém
Descricao = Nenhuma
Valor = 50000
Licence = 0
TemDono = 0
Trancado = 0
Grana = 100700
Entrada = 2000
Date = 91
OCarroX = 1617.75280761
OCarroY = -1009.89538574
OCarroZ = 23.89843750
OCarroA = 358.97396850
