Modelo = 559
CarroX = 1669.72277832
CarroY = -1708.27795410
CarroZ = 20.48437500
CarroA = 269.20941162
cor1 = 1
cor2 = 1
Dono = Dealership
Descricao = Sem Dono
Valor = 10000
Licence = 0
TemDono = 0
Trancado = 0
Grana = 0
Entrada = 1000
Date = 0
OCarroX = 1669.72277832
OCarroY = -1708.27795410
OCarroZ = 20.48437500
OCarroA = 269.20941162
