Modelo = 559
CarroX = 1631.57519531
CarroY = -1037.00207519
CarroZ = 23.89843750
CarroA = 182.22158813
cor1 = 1
cor2 = 1
Dono = Dealership
Descricao = Sem Dono
Valor = 10000
Licence = 0
TemDono = 0
Trancado = 0
Grana = 0
Entrada = 1000
Date = 0
OCarroX = 1631.57519531
OCarroY = -1037.00207519
OCarroZ = 23.89843750
OCarroA = 182.22158813
