Modelo = 559
CarroX = 1571.98352050
CarroY = -1013.00073242
CarroZ = 23.90625000
CarroA = 358.76757812
cor1 = 1
cor2 = 1
Dono = Dealership
Descricao = Sem Dono
Valor = 50000
Licence = 0
TemDono = 0
Trancado = 0
Grana = 7000
Entrada = 2000
Date = 0
OCarroX = 1571.98352050
OCarroY = -1013.00073242
OCarroZ = 23.90625000
OCarroA = 358.76757812
