Modelo = 559
CarroX = 1599.22180175
CarroY = -1009.77874755
CarroZ = 23.90625000
CarroA = 5.98710155
cor1 = 1
cor2 = 1
Dono = Dealership
Descricao = Concessionaria
Valor = 50000
Licence = 0
TemDono = 0
Trancado = 0
Grana = 6400
Entrada = 2000
Date = 0
OCarroX = 1599.22180175
OCarroY = -1009.77874755
OCarroZ = 23.90625000
OCarroA = 5.98710155
