Modelo = 559
CarroX = 1555.55871582
CarroY = -1027.79968261
CarroZ = 23.90625000
CarroA = 161.32519531
cor1 = 1
cor2 = 1
Dono = Ninguém
Descricao = Sem Dono
Valor = 10000
Licence = 0
TemDono = 0
Trancado = 0
Grana = 83900
Entrada = 2000
Date = 282
OCarroX = 1555.55871582
OCarroY = -1027.79968261
OCarroZ = 23.90625000
OCarroA = 161.32519531
