Modelo = 559
CarroX = 1654.12707519
CarroY = -1036.56945800
CarroZ = 23.89843750
CarroA = 184.49075317
cor1 = 1
cor2 = 1
Dono = Dealership
Descricao = Entrada "di grátis"
Valor = 10000
Licence = 0
TemDono = 0
Trancado = 0
Grana = 1000
Entrada = 2000
Date = 0
OCarroX = 1654.12707519
OCarroY = -1036.56945800
OCarroZ = 23.89843750
OCarroA = 184.49075317
