Modelo = 559
CarroX = 1632.01184082
CarroY = -1013.92163085
CarroZ = 23.89843750
CarroA = 342.47125244
cor1 = 1
cor2 = 1
Dono = Dealership
Descricao = Concessionaria
Valor = 50000
Licence = 0
TemDono = 0
Trancado = 0
Grana = 101251
Entrada = 2000
Date = 0
OCarroX = 1632.01184082
OCarroY = -1013.92163085
OCarroZ = 23.89843750
OCarroA = 342.47125244
