Modelo = 559
CarroX = 1649.88256835
CarroY = -1047.48437500
CarroZ = 23.89843750
CarroA = 0.69548785
cor1 = 1
cor2 = 1
Dono = Dealership
Descricao = Sem Dono
Valor = 10000
Licence = 0
TemDono = 0
Trancado = 0
Grana = 10900
Entrada = 1000
Date = 0
OCarroX = 1649.88256835
OCarroY = -1047.48437500
OCarroZ = 23.89843750
OCarroA = 0.69548785
