Modelo = 559
CarroX = 1753.01782226
CarroY = -1014.96667480
CarroZ = 23.96093750
CarroA = 344.81219482
cor1 = 1
cor2 = 1
Dono = Dealership
Descricao = 
Valor = 50000
Licence = 0
TemDono = 0
Trancado = 0
Grana = 6800
Entrada = 1000
Descricao = Concessionaria
Date = 0
OCarroX = 1753.01782226
OCarroY = -1014.96667480
OCarroZ = 23.96093750
OCarroA = 344.81219482
