Modelo = 559
CarroX = 1748.59570312
CarroY = -1014.18597412
CarroZ = 23.96093750
CarroA = 349.55664062
cor1 = 1
cor2 = 1
Dono = Dealership
Descricao = Sem Dono
Valor = 50000
Licence = 0
TemDono = 0
Trancado = 0
Grana = 0
Entrada = 2000
Date = 0
OCarroX = 1748.59570312
OCarroY = -1014.18597412
OCarroZ = 23.96093750
OCarroA = 349.55664062
