Modelo = 559
CarroX = 1726.21313476
CarroY = -1009.33386230
CarroZ = 23.92408752
CarroA = 348.52523803
cor1 = 1
cor2 = 1
Dono = Dealership
Descricao = Concessionaria
Valor = 50000
Licence = 0
TemDono = 0
Trancado = 0
Grana = 1300
Entrada = 1000
Date = 0
OCarroX = 1726.21313476
OCarroY = -1009.33386230
OCarroZ = 23.92408752
OCarroA = 348.52523803
