Modelo = 559
CarroX = 1654.04882812
CarroY = -1047.61499023
CarroZ = 23.89843750
CarroA = 359.04571533
cor1 = 1
cor2 = 1
Dono = Dealership
Descricao = Então aperta o boldo.
Valor = 10000
Licence = 0
TemDono = 0
Trancado = 0
Grana = 61200
Entrada = 2000
Date = 0
OCarroX = 1654.04882812
OCarroY = -1047.61499023
OCarroZ = 23.89843750
OCarroA = 359.04571533
