Modelo = 559
CarroX = 1645.16296386
CarroY = -1047.44396972
CarroZ = 23.89843750
CarroA = 359.87026977
cor1 = 1
cor2 = 1
Dono = Dealership
Descricao = Aperta o boldo
Valor = 10000
Licence = 0
TemDono = 0
Trancado = 0
Grana = 10700
Entrada = 2000
Date = 0
OCarroX = 1645.16296386
OCarroY = -1047.44396972
OCarroZ = 23.89843750
OCarroA = 359.87026977
