Modelo = 559
CarroX = 1559.86022949
CarroY = -1028.79699707
CarroZ = 23.90625000
CarroA = 165.03820800
cor1 = 1
cor2 = 1
Dono = Ninguém
Descricao = Nenhuma
Valor = 10000
Licence = 0
TemDono = 0
Trancado = 0
Grana = 7100
Entrada = 2000
Date = 92
OCarroX = 1559.86022949
OCarroY = -1028.79699707
OCarroZ = 23.90625000
OCarroA = 165.03820800
