Modelo = 559
CarroX = 1692.11730957
CarroY = -1008.85223388
CarroZ = 23.90625000
CarroA = 20.40592002
cor1 = 1
cor2 = 1
Dono = Dealership
Descricao = Sem Dono
Valor = 50000
Licence = 0
TemDono = 0
Trancado = 0
Grana = 10100
Entrada = 2000
Date = 0
OCarroX = 1692.11730957
OCarroY = -1008.85223388
OCarroZ = 23.90625000
OCarroA = 20.40592002
