Modelo = 559
CarroX = 1721.45031738
CarroY = -1008.86370849
CarroZ = 23.91257286
CarroA = 352.55810546
cor1 = 1
cor2 = 1
Dono = Dealership
Descricao = Concessionaria
Valor = 50000
Licence = 0
TemDono = 0
Trancado = 0
Grana = 134400
Entrada = 2000
Date = 0
OCarroX = 1721.45031738
OCarroY = -1008.86370849
OCarroZ = 23.91257286
OCarroA = 352.55810546
