Modelo = 559
CarroX = 1653.05981445
CarroY = -1720.16479492
CarroZ = 20.48437500
CarroA = 89.95234680
cor1 = 1
cor2 = 1
Dono = Dealership
Descricao = Sem Dono
Valor = 10000
Licence = 0
TemDono = 0
Trancado = 0
Grana = 1600
Entrada = 1000
Date = 0
OCarroX = 1653.05981445
OCarroY = -1720.16479492
OCarroZ = 20.48437500
OCarroA = 89.95234680
