Modelo = 559
CarroX = 1590.55603027
CarroY = -1011.76855468
CarroZ = 23.90625000
CarroA = 4.33693408
cor1 = 1
cor2 = 1
Dono = Dealership
Descricao = ATENÇÃO: (NAO ENTRE)
Valor = 50000
Licence = 0
TemDono = 0
Trancado = 0
Grana = 4700
Entrada = 2000
Date = 0
OCarroX = 1590.55603027
OCarroY = -1011.76855468
OCarroZ = 23.90625000
OCarroA = 4.33693408
