Modelo = 559
CarroX = 1551.24707031
CarroY = -1026.37109375
CarroZ = 23.90625000
CarroA = 162.97543334
cor1 = 1
cor2 = 1
Dono = Ninguém
Descricao = Sem Dono
Valor = 10000
Licence = 0
TemDono = 0
Trancado = 0
Grana = 310300
Entrada = 2000
Date = 282
OCarroX = 1551.24707031
OCarroY = -1026.37109375
OCarroZ = 23.90625000
OCarroA = 162.97543334
