Modelo = 559
CarroX = 1649.83264160
CarroY = -1036.40270996
CarroZ = 23.89843750
CarroA = 179.74665832
cor1 = 1
cor2 = 1
Dono = Dealership
Descricao = Nóis é da roça mais gosta dessas carroça :P
Valor = 10000
Licence = 0
TemDono = 0
Trancado = 0
Grana = 32000
Entrada = 2000
Date = 0
OCarroX = 1649.83264160
OCarroY = -1036.40270996
OCarroZ = 23.89843750
OCarroA = 179.74665832
