Modelo = 559
CarroX = 1689.62487792
CarroY = -1034.15954589
CarroZ = 23.90625000
CarroA = 180.36531066
cor1 = 1
cor2 = 1
Dono = Dealership
Descricao = Sem Dono
Valor = 50000
Licence = 0
TemDono = 0
Trancado = 0
Grana = 3000
Entrada = 2000
Date = 0
OCarroX = 1689.62487792
OCarroY = -1034.15954589
OCarroZ = 23.90625000
OCarroA = 180.36531066
