Modelo = 559
CarroX = 1740.01013183
CarroY = -1012.58837890
CarroZ = 23.96093750
CarroA = 349.14413452
cor1 = 1
cor2 = 1
Dono = Dealership
Descricao = Concessionaria
Valor = 50000
Licence = 0
TemDono = 0
Trancado = 0
Grana = 40000
Entrada = 2000
Date = 0
OCarroX = 1740.01013183
OCarroY = -1012.58837890
OCarroZ = 23.96093750
OCarroA = 349.14413452
