Modelo = 559
CarroX = 1670.68933105
CarroY = -1694.08508300
CarroZ = 20.47922515
CarroA = 269.20932006
cor1 = 1
cor2 = 1
Dono = Dealership
Descricao = Sem Dono
Valor = 10000
Licence = 0
TemDono = 0
Trancado = 0
Grana = 2900
Entrada = 1000
Date = 0
OCarroX = 1670.68933105
OCarroY = -1694.08508300
OCarroZ = 20.47922515
OCarroA = 269.20932006
