Modelo = 559
CarroX = 1707.95190429
CarroY = -1045.16430664
CarroZ = 23.90625000
CarroA = 359.62258911
cor1 = 1
cor2 = 1
Dono = Ninguém
Descricao = Nenhuma
Valor = 10000
Licence = 0
TemDono = 0
Trancado = 0
Grana = 36900
Entrada = 2000
Date = 73
OCarroX = 1707.95190429
OCarroY = -1045.16430664
OCarroZ = 23.90625000
OCarroA = 359.62258911
