Modelo = 559
CarroX = 1661.23303222
CarroY = -1720.29394531
CarroZ = 20.48437500
CarroA = 88.71466827
cor1 = 1
cor2 = 1
Dono = Dealership
Descricao = Sem Dono
Valor = 10000
Licence = 0
TemDono = 0
Trancado = 0
Grana = 2000
Entrada = 2000
Date = 0
OCarroX = 1661.23303222
OCarroY = -1720.29394531
OCarroZ = 20.48437500
OCarroA = 88.71466827
