Modelo = 559
CarroX = 1703.30139160
CarroY = -1034.51647949
CarroZ = 23.90625000
CarroA = 180.15702819
cor1 = 1
cor2 = 1
Dono = Dealership
Descricao = Concessionaria
Valor = 50000
Licence = 0
TemDono = 0
Trancado = 0
Grana = 37700
Entrada = 2000
Date = 0
OCarroX = 1703.30139160
OCarroY = -1034.51647949
OCarroZ = 23.90625000
OCarroA = 180.15702819
