Modelo = 559
CarroX = 1636.24609375
CarroY = -1015.68762207
CarroZ = 23.89843750
CarroA = 341.23355102
cor1 = 1
cor2 = 1
Dono = Dealership
Descricao = Concessionaria
Valor = 50000
Licence = 0
TemDono = 0
Trancado = 0
Grana = 19200
Entrada = 1000
Date = 0
OCarroX = 1636.24609375
OCarroY = -1015.68762207
OCarroZ = 23.89843750
OCarroA = 341.23355102
