Modelo = 559
CarroX = 1703.66760253
CarroY = -1005.53680419
CarroZ = 23.90625000
CarroA = 352.35183715
cor1 = 1
cor2 = 1
Dono = Dealership
Descricao = Concessionaria
Valor = 50000
Licence = 0
TemDono = 0
Trancado = 0
Grana = 8300
Entrada = 2000
Date = 0
OCarroX = 1703.66760253
OCarroY = -1005.53680419
OCarroZ = 23.90625000
OCarroA = 352.35183715
