Modelo = 559
CarroX = 1669.88781738
CarroY = -1716.79931640
CarroZ = 20.48437500
CarroA = 269.00314331
cor1 = 1
cor2 = 1
Dono = Dealership
Descricao = Sem Dono
Valor = 10000
Licence = 0
TemDono = 0
Trancado = 0
Grana = 0
Entrada = 1000
Date = 0
OCarroX = 1669.88781738
OCarroY = -1716.79931640
OCarroZ = 20.48437500
OCarroA = 269.00314331
