Modelo = 559
CarroX = 1669.53027343
CarroY = -1712.31506347
CarroZ = 20.47719955
CarroA = 269.62197875
cor1 = 1
cor2 = 1
Dono = Dealership
Descricao = Sem Dono
Valor = 10000
Licence = 0
TemDono = 0
Trancado = 0
Grana = 2000
Entrada = 1000
Date = 0
OCarroX = 1669.53027343
OCarroY = -1712.31506347
OCarroZ = 20.47719955
OCarroA = 269.62197875
