Modelo = 559
CarroX = 1567.36669921
CarroY = -1012.98736572
CarroZ = 23.91404724
CarroA = 359.79922485
cor1 = 1
cor2 = 1
Dono = Dealership
Descricao = Sem Dono
Valor = 50000
Licence = 0
TemDono = 0
Trancado = 0
Grana = 37300
Entrada = 2000
Date = 0
OCarroX = 1567.36669921
OCarroY = -1012.98736572
OCarroZ = 23.91404724
OCarroA = 359.79922485
