Modelo = 559
CarroX = 1680.97204589
CarroY = -1044.68090820
CarroZ = 23.90622901
CarroA = 1.06624495
cor1 = 1
cor2 = 1
Dono = Dealership
Descricao = Sem Dono
Valor = 10000
Licence = 0
TemDono = 0
Trancado = 0
Grana = 8600
Entrada = 1000
Date = 0
OCarroX = 1680.97204589
OCarroY = -1044.68090820
OCarroZ = 23.90622901
OCarroA = 1.06624495
