Modelo = 559
CarroX = 1645.28125000
CarroY = -1036.69201660
CarroZ = 23.89843750
CarroA = 178.50863647
cor1 = 1
cor2 = 1
Dono = Dealership
Descricao = Entrada "di grátis"
Valor = 10000
Licence = 0
TemDono = 0
Trancado = 0
Grana = 0
Entrada = 2000
Date = 0
OCarroX = 1645.28125000
OCarroY = -1036.69201660
OCarroZ = 23.89843750
OCarroA = 178.50863647
