Modelo = 559
CarroX = 1660.83325195
CarroY = -1017.44036865
CarroZ = 23.89843750
CarroA = 13.59870147
cor1 = 1
cor2 = 1
Dono = Dealership
Descricao = Concessionaria
Valor = 50000
Licence = 0
TemDono = 0
Trancado = 0
Grana = 1800
Entrada = 1000
Date = 0
OCarroX = 1660.83325195
OCarroY = -1017.44036865
OCarroZ = 23.89843750
OCarroA = 13.59870147
