Modelo = 559
CarroX = 1670.35437011
CarroY = -1697.41345214
CarroZ = 20.48166275
CarroA = 271.47839355
cor1 = 1
cor2 = 1
Dono = Dealership
Descricao = O melhor voo da sua vida!!!!
Valor = 10000
Licence = 0
TemDono = 0
Trancado = 0
Grana = 5500
Entrada = 1000
Date = 0
OCarroX = 1670.35437011
OCarroY = -1697.41345214
OCarroZ = 20.48166275
OCarroA = 271.47839355
