Modelo = 559
CarroX = 1699.08032226
CarroY = -1044.83862304
CarroZ = 23.90625000
CarroA = 359.00357055
cor1 = 1
cor2 = 1
Dono = Dealership
Descricao = Sem Dono
Valor = 10000
Licence = 0
TemDono = 0
Trancado = 0
Grana = 4000
Entrada = 1000
Date = 0
OCarroX = 1699.08032226
OCarroY = -1044.83862304
OCarroZ = 23.90625000
OCarroA = 359.00357055
