Modelo = 559
CarroX = 1604.08642578
CarroY = -1010.44274902
CarroZ = 23.90625000
CarroA = 358.56100463
cor1 = 1
cor2 = 1
Dono = Dealership
Descricao = peita minha rajad
Valor = 50000
Licence = 0
TemDono = 0
Trancado = 0
Grana = 0
Entrada = 1000
Date = 0
OCarroX = 1604.08642578
OCarroY = -1010.44274902
OCarroZ = 23.90625000
OCarroA = 358.56100463
