Modelo = 573
CarroX = 1657.19091796
CarroY = -1717.94116210
CarroZ = 15.60937500
CarroA = 88.34397125
cor1 = 1
cor2 = 1
Dono = Ninguém
Descricao = Sem Dono
Valor = 10000
Licence = 0
TemDono = 0
Trancado = 0
Grana = 20800
Entrada = 2000
Date = 89
OCarroX = 1657.19091796
OCarroY = -1717.94116210
OCarroZ = 15.60937500
OCarroA = 88.34397125
