Modelo = 559
CarroX = 1640.73693847
CarroY = -1047.71313476
CarroZ = 23.89843750
CarroA = 1.31447565
cor1 = 1
cor2 = 1
Dono = Dealership
Descricao = Sem Dono
Valor = 10000
Licence = 0
TemDono = 0
Trancado = 0
Grana = 0
Entrada = 1000
Date = 0
OCarroX = 1640.73693847
OCarroY = -1047.71313476
OCarroZ = 23.89843750
OCarroA = 1.31447565
