Modelo = 559
CarroX = 1757.10424804
CarroY = -1016.27227783
CarroZ = 23.96093750
CarroA = 350.17547607
cor1 = 1
cor2 = 1
Dono = Dealership
Descricao = Sem Dono
Valor = 50000
Licence = 0
TemDono = 0
Trancado = 0
Grana = 72800
Entrada = 2000
Date = 0
OCarroX = 1757.10424804
OCarroY = -1016.27227783
OCarroZ = 23.96093750
OCarroA = 350.17547607
