Modelo = 559
CarroX = 1627.20776367
CarroY = -1037.53808593
CarroZ = 23.89843750
CarroA = 180.77734375
cor1 = 1
cor2 = 1
Dono = Dealership
Descricao = Sem Dono
Valor = 10000
Licence = 0
TemDono = 0
Trancado = 0
Grana = 4600
Entrada = 1000
Date = 0
OCarroX = 1627.20776367
OCarroY = -1037.53808593
OCarroZ = 23.89843750
OCarroA = 180.77734375
