Modelo = 559
CarroX = 1687.82336425
CarroY = -1010.33911132
CarroZ = 23.90625000
CarroA = 18.75567626
cor1 = 1
cor2 = 1
Dono = Dealership
Descricao = Concessionaria
Valor = 50000
Licence = 0
TemDono = 0
Trancado = 0
Grana = 22800
Entrada = 1500
Date = 0
OCarroX = 1687.82336425
OCarroY = -1010.33911132
OCarroZ = 23.90625000
OCarroA = 18.75567626
