Modelo = 559
CarroX = 1698.71606445
CarroY = -1033.38586425
CarroZ = 23.90625000
CarroA = 181.60304260
cor1 = 1
cor2 = 1
Dono = Dealership
Descricao = Sem Dono
Valor = 50000
Licence = 0
TemDono = 0
Trancado = 1
Grana = 300
Entrada = 1000
Date = 0
OCarroX = 1698.71606445
OCarroY = -1033.38586425
OCarroZ = 23.90625000
OCarroA = 181.60304260
