Modelo = 559
CarroX = 1613.26257324
CarroY = -1010.33007812
CarroZ = 23.90625000
CarroA = 355.67324829
cor1 = 1
cor2 = 1
Dono = Dealership
Descricao = Concessionaria
Valor = 50000
Licence = 0
TemDono = 0
Trancado = 0
Grana = 6000
Entrada = 1000
Date = 0
OCarroX = 1613.26257324
OCarroY = -1010.33007812
OCarroZ = 23.90625000
OCarroA = 355.67324829
