Modelo = 559
CarroX = 1703.26879882
CarroY = -1045.08447265
CarroZ = 23.90625000
CarroA = 359.62258911
cor1 = 1
cor2 = 1
Dono = Ninguém
Descricao = Nenhuma
Valor = 10000
Licence = 0
TemDono = 0
Trancado = 0
Grana = 54000
Entrada = 2000
Date = 73
OCarroX = 1703.26879882
OCarroY = -1045.08447265
OCarroZ = 23.90625000
OCarroA = 359.62258911
