Modelo = 559
CarroX = 1717.11889648
CarroY = -1007.27081298
CarroZ = 23.91403770
CarroA = 352.97070312
cor1 = 1
cor2 = 1
Dono = Dealership
Descricao = FIXA
Valor = 50000
Licence = 0
TemDono = 0
Trancado = 0
Grana = 24000
Entrada = 2000
Date = 0
OCarroX = 1717.11889648
OCarroY = -1007.27081298
OCarroZ = 23.91403770
OCarroA = 352.97070312
