Modelo = 559
CarroX = 1631.59777832
CarroY = -1047.68395996
CarroZ = 23.89843750
CarroA = 0.07661668
cor1 = 1
cor2 = 1
Dono = Dealership
Descricao = Concessionaria
Valor = 10000
Licence = 0
TemDono = 0
Trancado = 0
Grana = 4200
Entrada = 1000
Date = 0
OCarroX = 1631.59777832
OCarroY = -1047.68395996
OCarroZ = 23.89843750
OCarroA = 0.07661668
