Modelo = 559
CarroX = 1680.88500976
CarroY = -1034.11596679
CarroZ = 23.90622901
CarroA = 180.15702819
cor1 = 1
cor2 = 1
Dono = Dealership
Descricao = Sem Dono
Valor = 10000
Licence = 0
TemDono = 0
Trancado = 0
Grana = 3000
Entrada = 1000
Date = 0
OCarroX = 1680.88500976
OCarroY = -1034.11596679
OCarroZ = 23.90622901
OCarroA = 180.15702819
