Modelo = 559
CarroX = 1664.97106933
CarroY = -1016.22351074
CarroZ = 23.89843750
CarroA = 9.88564777
cor1 = 1
cor2 = 1
Dono = Dealership
Descricao = Concessionaria
Valor = 50000
Licence = 0
TemDono = 0
Trancado = 0
Grana = 24700
Entrada = 1000
Date = 0
OCarroX = 1664.97106933
OCarroY = -1016.22351074
OCarroZ = 23.89843750
OCarroA = 9.88564777
