Modelo = 559
CarroX = 1696.66772460
CarroY = -1007.48919677
CarroZ = 23.90625000
CarroA = 20.40591049
cor1 = 1
cor2 = 1
Dono = Dealership
Descricao = Veículo a venda, entre para compra-lo.
Valor = 50000
Licence = 0
TemDono = 0
Trancado = 0
Grana = 69000
Entrada = 2000
Date = 0
OCarroX = 1696.66772460
OCarroY = -1007.48919677
OCarroZ = 23.90625000
OCarroA = 20.40591049
