Modelo = 559
CarroX = 1647.44042968
CarroY = -1697.50573730
CarroZ = 20.46682739
CarroA = 88.30201721
cor1 = 1
cor2 = 1
Dono = Dealership
Descricao = Seu Pastel De Flango
Valor = 10000
Licence = 0
TemDono = 0
Trancado = 0
Grana = 1300
Entrada = 2000
Date = 0
OCarroX = 1647.44042968
OCarroY = -1697.50573730
OCarroZ = 20.46682739
OCarroA = 88.30201721
