Modelo = 559
CarroX = 1674.61730957
CarroY = -1013.54974365
CarroZ = 23.89843750
CarroA = 19.37451934
cor1 = 1
cor2 = 1
Dono = Dealership
Descricao = Se entrar te do uns TAPA
Valor = 50000
Licence = 0
TemDono = 0
Trancado = 0
Grana = 400
Entrada = 2000
Date = 0
OCarroX = 1674.61730957
OCarroY = -1013.54974365
OCarroZ = 23.89843750
OCarroA = 19.37451934
