Modelo = 559
CarroX = 1712.43762207
CarroY = -1044.91540527
CarroZ = 23.90625000
CarroA = 0.03426402
cor1 = 1
cor2 = 1
Dono = Ninguém
Descricao = Nenhuma
Valor = 10000
Licence = 0
TemDono = 0
Trancado = 0
Grana = 55300
Entrada = 2000
Date = 73
OCarroX = 1712.43762207
OCarroY = -1044.91540527
OCarroZ = 23.90625000
OCarroA = 0.03426402
