Modelo = 559
CarroX = 1731.07690429
CarroY = -1010.12145996
CarroZ = 23.94006729
CarroA = 348.73156738
cor1 = 1
cor2 = 1
Dono = Dealership
Descricao = Concessionaria
Valor = 50000
Licence = 0
TemDono = 0
Trancado = 0
Grana = 23000
Entrada = 2000
Date = 0
OCarroX = 1731.07690429
OCarroY = -1010.12145996
OCarroZ = 23.94006729
OCarroA = 348.73156738
