Modelo = 559
CarroX = 1646.50952148
CarroY = -1709.74902343
CarroZ = 20.48437500
CarroA = 90.36482238
cor1 = 1
cor2 = 1
Dono = Dealership
Descricao = Sem Dono
Valor = 10000
Licence = 0
TemDono = 0
Trancado = 0
Grana = 1800
Entrada = 2000
Date = 0
OCarroX = 1646.50952148
OCarroY = -1709.74902343
OCarroZ = 20.48437500
OCarroA = 90.36482238
