Modelo = 559
CarroX = 1623.42675781
CarroY = -1011.39025878
CarroZ = 23.89843750
CarroA = 343.70892333
cor1 = 1
cor2 = 1
Dono = Dealership
Descricao = Entrada "di grátis"
Valor = 50000
Licence = 0
TemDono = 0
Trancado = 0
Grana = 9000
Entrada = 2000
Date = 0
OCarroX = 1623.42675781
OCarroY = -1011.39025878
OCarroZ = 23.89843750
OCarroA = 343.70892333
