Modelo = 559
CarroX = 1563.07165527
CarroY = -1012.56054687
CarroZ = 23.90625000
CarroA = 0.00000000
cor1 = 1
cor2 = 1
Dono = Ninguém
Descricao = Nenhuma
Valor = 50000
Licence = 0
TemDono = 0
Trancado = 0
Grana = 105500
Entrada = 2000
Date = 91
OCarroX = 1563.07165527
OCarroY = -1012.56054687
OCarroZ = 23.90625000
OCarroA = 0.00000000
