Modelo = 559
CarroX = 1707.57177734
CarroY = -1034.71472167
CarroZ = 23.90625000
CarroA = 179.33441162
cor1 = 1
cor2 = 1
Dono = Dealership
Descricao = 
Valor = 50000
Licence = 0
TemDono = 0
Trancado = 0
Grana = 84100
Entrada = 1000
Descricao = 
Descricao = 
Descricao = 
Descricao = 
Descricao = 
Descricao = 
Descricao = 
Descricao = Concessionaria
Date = 0
OCarroX = 1707.57177734
OCarroY = -1034.71472167
OCarroZ = 23.90625000
OCarroA = 179.33441162
