Modelo = 559
CarroX = 1558.40905761
CarroY = -1012.40832519
CarroZ = 23.90625000
CarroA = 1.65504848
cor1 = 1
cor2 = 1
Dono = Ninguém
Descricao = Nenhuma
Valor = 50000
Licence = 0
TemDono = 0
Trancado = 0
Grana = 60047
Entrada = 2000
Date = 282
OCarroX = 1558.40905761
OCarroY = -1012.40832519
OCarroZ = 23.90625000
OCarroA = 1.65504848
