Modelo = 559
CarroX = 1647.16784667
CarroY = -1701.81347656
CarroZ = 20.48437500
CarroA = 90.36482238
cor1 = 1
cor2 = 1
Dono = Dealership
Descricao = Sem Dono
Valor = 10000
Licence = 0
TemDono = 0
Trancado = 0
Grana = 4200
Entrada = 1000
Date = 0
OCarroX = 1647.16784667
OCarroY = -1701.81347656
OCarroZ = 20.48437500
OCarroA = 90.36482238
