Modelo = 559
CarroX = 1665.25305175
CarroY = -1718.15246582
CarroZ = 15.60937500
CarroA = 88.34397125
cor1 = 1
cor2 = 1
Dono = Ninguém
Descricao = Sem Dono
Valor = 10000
Licence = 0
TemDono = 0
Trancado = 0
Grana = 9600
Entrada = 1000
Date = 68
OCarroX = 1665.25305175
OCarroY = -1718.15246582
OCarroZ = 15.60937500
OCarroA = 88.34397125
