Modelo = 559
CarroX = 1586.22863769
CarroY = -1012.05664062
CarroZ = 23.90625000
CarroA = 10.93786907
cor1 = 1
cor2 = 1
Dono = Dealership
Descricao = Sem Dono
Valor = 50000
Licence = 0
TemDono = 0
Trancado = 0
Grana = 246800
Entrada = 2000
Date = 0
OCarroX = 1586.22863769
OCarroY = -1012.05664062
OCarroZ = 23.90625000
OCarroA = 10.93786907
