Modelo = 559
CarroX = 1669.50463867
CarroY = -1720.81506347
CarroZ = 20.48437500
CarroA = 269.20944213
cor1 = 1
cor2 = 1
Dono = Dealership
Descricao = Sem Dono
Valor = 10000
Licence = 0
TemDono = 0
Trancado = 0
Grana = 0
Entrada = 2000
Date = 0
OCarroX = 1669.50463867
OCarroY = -1720.81506347
OCarroZ = 20.48437500
OCarroA = 269.20944213
