Modelo = 559
CarroX = 1669.66699218
CarroY = -1703.93127441
CarroZ = 20.48437500
CarroA = 271.68469238
cor1 = 1
cor2 = 1
Dono = Dealership
Descricao = Concessionaria
Valor = 10000
Licence = 0
TemDono = 0
Trancado = 0
Grana = 164600
Entrada = 1000
Date = 0
OCarroX = 1669.66699218
OCarroY = -1703.93127441
OCarroZ = 20.48437500
OCarroA = 271.68469238
