Modelo = 559
CarroX = 1658.91943359
CarroY = -1047.39343261
CarroZ = 23.89843750
CarroA = 359.45788574
cor1 = 1
cor2 = 1
Dono = Dealership
Descricao = Sem Dono
Valor = 10000
Licence = 0
TemDono = 0
Trancado = 0
Grana = 7000
Entrada = 2000
Date = 0
OCarroX = 1658.91943359
OCarroY = -1047.39343261
OCarroZ = 23.89843750
OCarroA = 359.45788574
