Modelo = 559
CarroX = 1668.68127441
CarroY = -1700.53247070
CarroZ = 15.60937500
CarroA = 1.04548811
cor1 = 1
cor2 = 1
Dono = Ninguém
Descricao = Nenhuma
Valor = 10000
Licence = 0
TemDono = 0
Trancado = 0
Grana = 22000
Entrada = 2000
Date = 92
OCarroX = 1668.68127441
OCarroY = -1700.53247070
OCarroZ = 15.60937500
OCarroA = 1.04548811
