Modelo = 559
CarroX = 1685.41589355
CarroY = -1033.70361328
CarroZ = 23.90625000
CarroA = 179.74665832
cor1 = 1
cor2 = 1
Dono = Dealership
Descricao = Sem Dono
Valor = 10000
Licence = 0
TemDono = 0
Trancado = 0
Grana = 0
Entrada = 1000
Date = 0
OCarroX = 1685.41589355
OCarroY = -1033.70361328
OCarroZ = 23.90625000
OCarroA = 179.74665832
