Modelo = 559
CarroX = 1581.89575195
CarroY = -1012.42791748
CarroZ = 23.90625000
CarroA = 7.63738155
cor1 = 1
cor2 = 1
Dono = Ninguém
Descricao = Nenhuma
Valor = 50000
Licence = 0
TemDono = 0
Trancado = 0
Grana = 18000
Entrada = 2000
Date = 93
OCarroX = 1581.89575195
OCarroY = -1012.42791748
OCarroZ = 23.90625000
OCarroA = 7.63738155
