Modelo = 559
CarroX = 1646.66113281
CarroY = -1705.45397949
CarroZ = 20.48437500
CarroA = 89.12714385
cor1 = 1
cor2 = 1
Dono = Dealership
Descricao = Sem Dono
Valor = 10000
Licence = 0
TemDono = 0
Trancado = 0
Grana = 0
Entrada = 1000
Date = 0
OCarroX = 1646.66113281
OCarroY = -1705.45397949
OCarroZ = 20.48437500
OCarroA = 89.12714385
