Modelo = 559
CarroX = 1761.45666503
CarroY = -1017.20202636
CarroZ = 23.96093750
CarroA = 348.52520751
cor1 = 1
cor2 = 1
Dono = Dealership
Descricao = 
Valor = 50000
Licence = 0
TemDono = 0
Trancado = 0
Grana = 94000
Entrada = 2000
Descricao = 
Descricao = Concessionaria
Date = 0
OCarroX = 1761.45666503
OCarroY = -1017.20202636
OCarroZ = 23.96093750
OCarroA = 348.52520751
