Modelo = 559
CarroX = 1712.28991699
CarroY = -1034.90673828
CarroZ = 23.91403770
CarroA = 180.77784729
cor1 = 1
cor2 = 1
Dono = Dealership
Descricao = 
Valor = 50000
Licence = 0
TemDono = 0
Trancado = 0
Grana = 48800
Entrada = 2000
Descricao = 
Descricao = Concessionaria
Date = 0
OCarroX = 1712.28991699
OCarroY = -1034.90673828
OCarroZ = 23.91403770
OCarroA = 180.77784729
