Modelo = 559
CarroX = 1683.54589843
CarroY = -1011.53216552
CarroZ = 23.89843750
CarroA = 19.99334907
cor1 = 1
cor2 = 1
Dono = Dealership
Descricao = Concessionaria
Valor = 50000
Licence = 0
TemDono = 0
Trancado = 0
Grana = 126400
Entrada = 2000
Date = 0
OCarroX = 1683.54589843
OCarroY = -1011.53216552
OCarroZ = 23.89843750
OCarroA = 19.99334907
