Modelo = 559
CarroX = 1689.90075683
CarroY = -1044.92480468
CarroZ = 23.90625000
CarroA = 359.41616821
cor1 = 1
cor2 = 1
Dono = Dealership
Descricao = Sem Dono
Valor = 10000
Licence = 0
TemDono = 0
Trancado = 0
Grana = 4000
Entrada = 1000
Date = 0
OCarroX = 1689.90075683
OCarroY = -1044.92480468
OCarroZ = 23.90625000
OCarroA = 359.41616821
