Modelo = 559
CarroX = 1652.21875000
CarroY = -1019.28710937
CarroZ = 23.89843750
CarroA = 12.06198883
cor1 = 1
cor2 = 1
Dono = Dealership
Descricao = Concessionaria
Valor = 50000
Licence = 0
TemDono = 0
Trancado = 0
Grana = 12400
Entrada = 2000
Date = 0
OCarroX = 1652.21875000
OCarroY = -1019.28710937
OCarroZ = 23.89843750
OCarroA = 12.06198883
