Modelo = 559
CarroX = 1636.08764648
CarroY = -1036.40661621
CarroZ = 23.89843750
CarroA = 180.77784729
cor1 = 1
cor2 = 1
Dono = Dealership
Descricao = Kika na minha Pika e Gira
Valor = 10000
Licence = 0
TemDono = 0
Trancado = 0
Grana = 2200
Entrada = 2000
Date = 0
OCarroX = 1636.08764648
OCarroY = -1036.40661621
OCarroZ = 23.89843750
OCarroA = 180.77784729
