Modelo = 559
CarroX = 1636.28369140
CarroY = -1047.61340332
CarroZ = 23.89843750
CarroA = 358.83905029
cor1 = 1
cor2 = 1
Dono = Dealership
Descricao = Concessionaria
Valor = 10000
Licence = 0
TemDono = 0
Trancado = 0
Grana = 1100
Entrada = 1000
Date = 0
OCarroX = 1636.28369140
OCarroY = -1047.61340332
OCarroZ = 23.89843750
OCarroA = 358.83905029
