TemDono = 0
EX = -1050.87243652
EY = -687.37493896
EZ = 32.35156250
Level = 10
Preco = 5000000
CustoEntrada = 5000
Till = 74351965
Locked = 1
Produtos = -3
MaxProdutos = 200000
PrecoProdutos = 1000
ProdutosRequeridos = 0
Dono = The State
Extorcao = Ninguém
Descricao = Fazenda 6
Veiculo1 = 411
1color1 = -1
1color2 = -1
Carro1x = -1052.19189453
Carro1y = -680.04595947
Carro1z = 32.09076309
Carro1a = 272.83349609
Veiculo2 = 411
2color1 = -1
2color2 = -1
Carro2x = -1052.57983398
Carro2y = -674.82586669
Carro2z = 32.08390808
Carro2a = 272.70898437
Data = 0
