TemDono = 0
EX = 300.14376831
EY = 1141.29101562
EZ = 9.13748550
Level = 12
Preco = 5000000
CustoEntrada = 5000
Till = 74349444
Locked = 1
Produtos = -3
MaxProdutos = 200000
PrecoProdutos = 1000
ProdutosRequeridos = 0
Dono = The State
Descricao = Fazenda 16
Extorcao = Ninguém
Veiculo1 = 411
1color1 = -1
1color2 = -1
Carro1x = 306.49807739
Carro1y = 1138.09057617
Carro1z = 8.24154663
Carro1a = 269.41894531
Veiculo2 = 411
2color1 = -1
2color2 = -1
Carro2x = 306.56521606
Carro2y = 1134.03747558
Carro2z = 8.54554557
Carro2a = 274.42446899
Data = 0
