TemDono = 0
EX = -695.24121093
EY = 960.54949951
EZ = 12.26350975
Level = 12
Preco = 5000000
CustoEntrada = 5000
Till = 8017596
Locked = 1
Produtos = -3
MaxProdutos = 200000
PrecoProdutos = 1000
ProdutosRequeridos = 0
Dono = The State
Extorcao = Ninguém
Descricao = Fazenda 15
Veiculo1 = 411
1color1 = -1
1color2 = -1
Carro1x = -697.97375488
Carro1y = 954.61254882
Carro1z = 11.96358013
Carro1a = 90.61370849
Veiculo2 = 411
2color1 = -1
2color2 = -1
Carro2x = -698.13641357
Carro2y = 948.67169189
Carro2z = 11.95934867
Carro2a = 87.97408294
Data = 0
