TemDono = 0
EX = -1421.07458496
EY = -963.50189208
EZ = 200.75329589
Level = 5
Preco = 5000000
CustoEntrada = 5000
Till = 8020117
Locked = 1
Produtos = -3
MaxProdutos = 200000
PrecoProdutos = 1000
ProdutosRequeridos = 0
Dono = The State
Extorcao = Ninguém
Descricao = Fazenda 5
Veiculo1 = 411
1color1 = -1
1color2 = -1
Carro1x = -1425.40893554
Carro1y = -955.57244873
Carro1z = 200.71098327
Carro1a = 274.29959106
Veiculo2 = 411
2color1 = -1
2color2 = -1
Carro2x = -1425.33044433
Carro2y = -950.95648193
Carro2z = 200.74604797
Carro2a = 273.26983642
Data = 0
