TemDono = 0
EX = -382.53781127
EY = -1438.93371582
EZ = 25.88814163
Level = 7
Preco = 5000000
CustoEntrada = 5000
Till = 5351308
Locked = 0
Produtos = -3
MaxProdutos = 200000
PrecoProdutos = 1000
ProdutosRequeridos = 0
Dono = The State
Extorcao = Ninguém
Descricao = Fazenda 0
Veiculo1 = 411
1color1 = -1
1color2 = -1
Carro1x = -378.19458007
Carro1y = -1441.52416992
Carro1z = 25.38269996
Carro1a = 270.44595336
Veiculo2 = 411
2color1 = -1
2color2 = -1
Carro2x = -378.19458007
Carro2y = -1441.52416992
Carro2z = 25.38269996
Carro2a = 270.44595336
Data = 115
