TemDono = 0
EX = -347.91363525
EY = -1045.84362792
EZ = 59.81250000
Level = 9
Preco = 5000000
CustoEntrada = 5000
Till = 2116812
Locked = 0
Produtos = -3
MaxProdutos = 200000
PrecoProdutos = 1000
ProdutosRequeridos = 0
Dono = The State
Descricao = Fazenda 11
Extorcao = Ninguém
Veiculo1 = 411
1color1 = -1
1color2 = -1
Carro1x = -348.43206787
Carro1y = -1052.94738769
Carro1z = 59.04572296
Carro1a = 179.99948120
Veiculo2 = 411
2color1 = -1
2color2 = -1
Carro2x = -348.43206787
Carro2y = -1052.94738769
Carro2z = 59.04572296
Carro2a = 179.99948120
Data = 115
