TemDono = 0
EX = -2810.15942382
EY = -1523.93786621
EZ = 140.84375000
Level = 7
Preco = 5000000
CustoEntrada = 5000
Till = 74351965
Locked = 1
Produtos = -3
MaxProdutos = 200000
PrecoProdutos = 1000
ProdutosRequeridos = 0
Dono = The State
Descricao = Fazenda 12
Extorcao = Ninguém
Veiculo1 = 411
1color1 = -1
1color2 = -1
Carro1x = -2798.03369140
Carro1y = -1516.86376953
Carro1z = 138.90730285
Carro1a = 268.14913940
Veiculo2 = 411
2color1 = -1
2color2 = -1
Carro2x = -2797.89501953
Carro2y = -1512.29638671
Carro2z = 138.84242248
Carro2a = 268.19036865
Data = 0
