TemDono = 0
EX = 710.21838378
EY = 1194.71435546
EZ = 13.39643859
Level = 11
Preco = 5000000
CustoEntrada = 5000
Till = 74349444
Locked = 1
Produtos = -3
MaxProdutos = 200000
PrecoProdutos = 1000
ProdutosRequeridos = 0
Dono = The State
Descricao = Fazenda 18
Extorcao = Ninguém
Veiculo1 = 411
1color1 = -1
1color2 = -1
Carro1x = 717.01000976
Carro1y = 1194.70776367
Carro1z = 13.04408168
Carro1a = 266.79605102
Veiculo2 = 411
2color1 = -1
2color2 = -1
Carro2x = 717.38629150
Carro2y = 1199.05859375
Carro2z = 13.13222599
Carro2a = 264.32733154
Data = 0
