TemDono = 0
EX = -1076.15454101
EY = -1168.03430175
EZ = 129.21875000
Level = 6
Preco = 5000000
CustoEntrada = 5000
Till = 1718691
Locked = 0
Produtos = -3
MaxProdutos = 200000
PrecoProdutos = 10
ProdutosRequeridos = 30000
Dono = The State
Extorcao = Ninguém
Descricao = Fazenda 4
Veiculo1 = 411
1color1 = -1
1color2 = -1
Carro1x = -1056.14685058
Carro1y = -1203.58435058
Carro1z = 128.81060791
Carro1a = 271.19818115
Veiculo2 = 411
2color1 = -1
2color2 = -1
Carro2x = -1056.14685058
Carro2y = -1203.58435058
Carro2z = 128.81060791
Carro2a = 271.19818115
Data = 114
