TemDono = 0
Data = 191
EX = 1154.35937500
EY = -1457.84545898
EZ = 15.79687500
Level = 0
Preco = 0
CustoEntrada = 0
Till = 0
Locked = 0
Produtos = 0
MaxProdutos = 0
PrecoProdutos = 0
ProdutosRequeridos = 0
Descricao = Loja de Oculos
