TemDono = 0
Dono = The State
Descricao = GoldenBall - Paintball para maiores
Extorcao = Ninguém
EX = 1310.25451660
EY = -1367.70031738
EZ = 13.53956031
Level = 10
Preco = 9000000
CustoEntrada = 5000
Till = 15000
Locked = 0
Produtos = 17954
MaxProdutos = 0
PrecoProdutos = 90000
ProdutosRequeridos = 28473
Data = 0
