TemDono = 0
Dono = The State
Descricao = Erva Medicinal - Macoinha do Satanas
Extorcao = Ninguém
EX = 1616.05285644
EY = -1502.82556152
EZ = 14.22570037
Level = 10
Preco = 7000000
CustoEntrada = 30000
Till = 154810
Locked = 1
Produtos = 15877
MaxProdutos = 0
PrecoProdutos = 10
ProdutosRequeridos = 26505
Data = 0
