TemDono = 0
Dono = The State
Descricao = Eventos C/A por Admins (/entrarevento)
Extorcao = Ninguém
EX = 1769.53283691
EY = -1863.31518554
EZ = 13.57522392
Level = 24
Preco = 9000000
CustoEntrada = 5000
Till = 0
Locked = 0
Produtos = 20658
MaxProdutos = 0
PrecoProdutos = 99999
ProdutosRequeridos = 35052
Data = 115
