TemDono = 0
Dono = Ninguem
Descricao = GreatLife - Bombas Caseiras
Extorcao = Nenhum
EX = 1931.05407714
EY = -2097.20532226
EZ = 13.57446002
Level = 20
Preco = 15000000
CustoEntrada = 5000
Till = 1681100
Locked = 1
Produtos = 19290
MaxProdutos = 0
PrecoProdutos = 10
ProdutosRequeridos = 29745
Data = 0
