TemDono = 0
Dono = The State
Descricao = Ajudantes S.A - Motos Respawn Civil
Extorcao = Ninguém
EX = 1330.19360351
EY = -984.07452392
EZ = 33.89659881
Level = 4
Preco = 2000000
CustoEntrada = 3000
Till = 189650
Locked = 1
Produtos = 15418
MaxProdutos = 0
PrecoProdutos = 10
ProdutosRequeridos = 31454
Data = 0
Dinheiro = 20562
Materiais = 10617
