TemDono = 0
Dono = The State
Descricao = Mini Chef - Paint's Spray
Extorcao = Ninguém
EX = 2072.63256835
EY = -1837.52099609
EZ = 13.55453300
Level = 3
Preco = 4500000
CustoEntrada = 5000
Till = 900540
Locked = 0
Produtos = 18461
MaxProdutos = 0
PrecoProdutos = 10
ProdutosRequeridos = 99882
Data = 108
