TemDono = 0
Dono = The State
Descricao = MontyMan - Pinturas Carros Casas
Extorcao = Ninguém
EX = 1207.01403808
EY = -1459.81750488
EZ = 13.38281250
Level = 12
Preco = 9500000
CustoEntrada = 99999
Till = 790097
Locked = 0
Produtos = 19368
MaxProdutos = 0
PrecoProdutos = 10
ProdutosRequeridos = 33798
Data = 0
