TemDono = 0
Dono = The State
Descricao = AutoParts - Pintando Veiculos
Extorcao = Ninguém
EX = 1020.86572265
EY = -1030.52966308
EZ = 32.04412841
Level = 7
Preco = 6000000
CustoEntrada = 8000
Till = 0
Locked = 0
Produtos = 21978
MaxProdutos = 0
PrecoProdutos = 1000
ProdutosRequeridos = 30000
Data = 114
