TemDono = 0
Dono = Ninguem
Descricao = Grocery's Store - Aberto 24/7
Extorcao = Nenhum
EX = 1304.85729980
EY = -1131.90747070
EZ = 23.82812500
Level = 22
Preco = 9000000
CustoEntrada = 10000
Till = 14538522
Locked = 0
Produtos = 17582
MaxProdutos = 0
PrecoProdutos = 10
ProdutosRequeridos = 29084
Data = 0
