TemDono = 0
Dono = The State
Descricao = Posto Maximuns - Abastecimento
Extorcao = Ninguém
EX = -77.47502136
EY = -1136.39880371
EZ = 1.07812500
Level = 45
Preco = 700000
CustoEntrada = 800
Till = 52004
Locked = 1
Produtos = 18884
MaxProdutos = 0
PrecoProdutos = 10
ProdutosRequeridos = 9999089
Data = 0
