TemDono = 0
Dono = The State
Descricao = InterNational - Hola
Extorcao = Ninguém
EX = 2509.50195312
EY = -1494.15856933
EZ = 24.00192832
Level = 14
Preco = 5000000
CustoEntrada = 80000
Till = 56350
Locked = 1
Produtos = 23541
MaxProdutos = 0
PrecoProdutos = 10
ProdutosRequeridos = 2000
Data = 0
