TemDono = 0
Dono = The State
Descricao = Detamax - Detalhes para sua Casa
Extorcao = Ninguém
EX = 1272.36730957
EY = -1124.37426757
EZ = 24.16329956
Level = 12
Preco = 4000000
CustoEntrada = 5000
Till = 50200
Locked = 1
Produtos = 23281
MaxProdutos = 0
PrecoProdutos = 99999
ProdutosRequeridos = 999999
Data = 0
