TemDono = 0
EX = 1499.92370605
EY = -1378.06286621
EZ = 14.02470016
Level = 0
Preco = 0
CustoEntrada = 0
Till = 0
Locked = 0
Produtos = 1
MaxProdutos = 0
PrecoProdutos = 0
ProdutosRequeridos = 1000000
Dono = The State
Extorcao = Ninguém
Data = 273
