ÿTemDono = 0
Dono = The State
Descricao = Amazonas Energia
Extorcao = Ninguém
EX = 1081.25878906
EY = -1697.23706054
EZ = 13.54687500
Level = 15
Preco = 9000000
CustoEntrada = 5000
Till = 1291000
Locked = 0
Produtos = 17328
MaxProdutos = 0
PrecoProdutos = 55000
ProdutosRequeridos = 90
TemDono = 0
Data = 115
