TemDono = 0
Dono = The State
Descricao = *** Eventos de Admin ( /entrarevento )***
Extorcao = Ninguém
EX = 1766.46386718
EY = -1397.22302246
EZ = 15.75781250
Level = 100
Preco = 20000000
CustoEntrada = 5000
Till = 10000
Locked = 0
Produtos = 20553
MaxProdutos = 0
PrecoProdutos = 99999
ProdutosRequeridos = 35052
Data = 273
