TemDono = 0
Dono = The State
Descricao = Megafone - Anuncios LS
Extorcao = Ninguém
EX = 1210.24841308
EY = -1748.89355468
EZ = 13.59381103
Level = 30
Preco = 9000000
CustoEntrada = 5000
Till = 500
Locked = 0
Produtos = 1000000
MaxProdutos = 1000000
PrecoProdutos = 10
ProdutosRequeridos = 33352
Data = 273
