TemDono = 0
Dono = The State
Descricao = Bingings - Produtos Empresariais
Extorcao = Ninguém
EX = 1703.21972656
EY = -1470.15087890
EZ = 13.54689502
Level = 22
Preco = 9000000
CustoEntrada = 500
Till = 406180
Locked = 1
Produtos = 16725
MaxProdutos = 0
PrecoProdutos = 50000
ProdutosRequeridos = 9000
Data = 0
