TemDono = 0
Dono = Ninguem
Descricao = Protegido - Seguros Carros VIPS
Extorcao = Nenhum
EX = 1387.18920898
EY = -1016.05865478
EZ = 26.57963180
Level = 14
Preco = 5000000
CustoEntrada = 800
Till = 22450
Locked = 1
Produtos = 21770
MaxProdutos = 0
PrecoProdutos = 10
ProdutosRequeridos = 31428
Data = 0
