TemDono = 0
EX = -516.26324462
EY = -539.97387695
EZ = 25.52343750
Level = 5
Preco = 5000000
CustoEntrada = 5000
Till = 1553944
Locked = 0
Produtos = -4
MaxProdutos = 10000000
PrecoProdutos = 1000
ProdutosRequeridos = 0
Extorcao = Ninguém
Dono = The State
Descricao = Fazenda 7
Veiculo1 = 411
1color1 = -1
1color2 = -1
Carro1x = -508.87115478
Carro1y = -548.41174316
Carro1z = 25.18161582
Carro1a = 183.31317138
Veiculo2 = 411
2color1 = -1
2color2 = -1
Carro2x = -508.87115478
Carro2y = -548.41174316
Carro2z = 25.18161582
Carro2a = 183.31317138
Data = 208
