TemDono = 0
EX = 397.83947753
EY = 1157.55261230
EZ = 8.34805679
Level = 2
Preco = 1000000
CustoEntrada = 5000
Till = 71005697
Locked = 1
Produtos = -4
MaxProdutos = 200000
PrecoProdutos = 1000
ProdutosRequeridos = 0
Dono = The State
Descricao = Fazenda 17
Extorcao = Ninguém
Veiculo1 = 411
1color1 = -1
1color2 = -1
Carro1x = 413.03253173
Carro1y = 1156.68798828
Carro1z = 7.58293247
Carro1a = 270.20349121
Veiculo2 = 411
2color1 = -1
2color2 = -1
Carro2x = 412.97436523
Carro2y = 1151.86865234
Carro2z = 7.84132051
Carro2a = 275.13250732
Data = 0
