TemDono = 0
EX = 1536.61547851
EY = 16.69131469
EZ = 24.14062500
Level = 9
Preco = 25000
CustoEntrada = 5000
Till = 935382
Locked = 0
Produtos = -4
MaxProdutos = 200000
PrecoProdutos = 1000
ProdutosRequeridos = 9999
Dono = The State
Extorcao = Ninguém
Descricao = Fazenda 8
Veiculo1 = 411
1color1 = -1
1color2 = -1
Carro1x = 1534.25927734
Carro1y = 10.96874237
Carro1z = 23.78333854
Carro1a = 109.57881927
Veiculo2 = 411
2color1 = -1
2color2 = -1
Carro2x = 1534.25927734
Carro2y = 10.96874237
Carro2z = 23.78333854
Carro2a = 109.57881927
Data = 207
