TemDono = 0
EX = 794.05981445
EY = 1686.79931640
EZ = 5.28125000
Level = 7
Preco = 5000000
CustoEntrada = 5000
Till = 266211
Locked = 0
Produtos = -4
MaxProdutos = 1
PrecoProdutos = 1
ProdutosRequeridos = 9999099
Dono = The State
Extorcao = Ninguém
Descricao = Lucio's Farm
Veiculo1 = 411
1color1 = -1
1color2 = -1
Carro1x = 799.55084228
Carro1y = 1676.26916503
Carro1z = 4.94893884
Carro1a = 2.68842554
Veiculo2 = 411
2color1 = -1
2color2 = -1
Carro2x = 799.55084228
Carro2y = 1676.26916503
Carro2z = 4.94893884
Carro2a = 2.68842554
Data = 208
