TemDono = 0
EX = -1438.62402343
EY = -1544.80102539
EZ = 102.25781250
Level = 6
Preco = 5000000
CustoEntrada = 5000
Till = 837880
Locked = 0
Produtos = -4
MaxProdutos = 200000
PrecoProdutos = 1000
ProdutosRequeridos = 9999999
Dono = The State
Extorcao = Ninguém
Descricao = Fazenda 2
Veiculo1 = 411
1color1 = -1
1color2 = -1
Carro1x = -1439.82922363
Carro1y = -1536.05114746
Carro1z = 101.50093841
Carro1a = 2.99790477
Veiculo2 = 411
2color1 = -1
2color2 = -1
Carro2x = -1439.82922363
Carro2y = -1536.05114746
Carro2z = 101.50093841
Carro2a = 2.99790477
Data = 208
