TemDono = 0
EX = -283.07662963
EY = -2174.36401367
EZ = 28.66117858
Level = 10
Preco = 5000000
CustoEntrada = 5000
Till = 1102959
Locked = 0
Produtos = -4
MaxProdutos = 200000
PrecoProdutos = 1
ProdutosRequeridos = 50000
Dono = The State
Extorcao = Ninguém
Descricao = Fazenda 1
Veiculo1 = 559
1color1 = -1
1color2 = -1
Carro1x = -273.47247314
Carro1y = -2186.57641601
Carro1z = 28.52442932
Carro1a = 110.56208801
Veiculo2 = 559
2color1 = -1
2color2 = -1
Carro2x = -273.47247314
Carro2y = -2186.57641601
Carro2z = 28.52442932
Carro2a = 110.56208801
Data = 201
