TemDono = 0
EX = 1231.23596191
EY = 145.69773864
EZ = 20.41169357
Level = 12
Preco = 5000000
CustoEntrada = 5000
Till = 71005697
Locked = 1
Produtos = -4
MaxProdutos = 200000
PrecoProdutos = 1000
ProdutosRequeridos = 0
Dono = The State
Extorcao = Ninguém
Descricao = Fazenda 10
Veiculo1 = 411
1color1 = -1
1color2 = -1
Carro1x = 1235.89599609
Carro1y = 149.85319519
Carro1z = 19.68044853
Carro1a = 250.46731567
Veiculo2 = 411
2color1 = -1
2color2 = -1
Carro2x = 1237.41748046
Carro2y = 153.58813476
Carro2z = 19.65662193
Carro2a = 248.55197143
Data = 0
