TemDono = 0
EX = -939.00354003
EY = 1425.10253906
EZ = 30.43399429
Level = 9
Preco = 5000000
CustoEntrada = 5000
Till = 1144360
Locked = 0
Produtos = -4
MaxProdutos = 200000
PrecoProdutos = 1000
ProdutosRequeridos = 0
Dono = The State
Descricao = Fazenda 14
Extorcao = Ninguém
Veiculo1 = 411
1color1 = -1
1color2 = -1
Carro1x = -931.95300292
Carro1y = 1417.70361328
Carro1z = 29.84359931
Carro1a = 272.84912109
Veiculo2 = 411
2color1 = -1
2color2 = -1
Carro2x = -932.34356689
Carro2y = 1422.60388183
Carro2z = 29.77402496
Carro2a = 271.91726684
Data = 201
