TemDono = 0
EX = -1061.00744628
EY = -1205.62780761
EZ = 129.70137023
Level = 6
Preco = 3000000
CustoEntrada = 5000
Till = 1386550
Locked = 0
Produtos = -4
MaxProdutos = 600
PrecoProdutos = 1
ProdutosRequeridos = -400
Dono = The State
Extorcao = Ninguém
Descricao = Fazenda 4
Veiculo1 = 522
1color1 = -1
1color2 = -1
Carro1x = -1056.14685058
Carro1y = -1203.58435058
Carro1z = 128.81060791
Carro1a = 271.19818115
Veiculo2 = 522
2color1 = -1
2color2 = -1
Carro2x = -1056.14685058
Carro2y = -1203.58435058
Carro2z = 128.81060791
Carro2a = 271.19818115
Data = 208
