TemDono = 0
EX = 1919.15490722
EY = 151.88085937
EZ = 37.25205230
Level = 5
Preco = 5000000
CustoEntrada = 5000
Till = 562962
Locked = 0
Produtos = -4
MaxProdutos = 200000
PrecoProdutos = 50000
ProdutosRequeridos = 500000
Dono = The State
Extorcao = Ninguém
Descricao = Fazenda 9
Veiculo1 = 411
1color1 = -1
1color2 = -1
Carro1x = 1235.89575195
Carro1y = 149.85302734
Carro1z = 19.68028068
Carro1a = 250.46241760
Veiculo2 = 411
2color1 = -1
2color2 = -1
Carro2x = 1235.89575195
Carro2y = 149.85302734
Carro2z = 19.68028068
Carro2a = 250.46241760
Data = 208
