TemDono = 0
EX = -393.52078247
EY = 2249.35473632
EZ = 42.42968750
Level = 9
Preco = 5000000
CustoEntrada = 5000
Till = 1146881
Locked = 0
Produtos = -4
MaxProdutos = 200000
PrecoProdutos = 1000
ProdutosRequeridos = 0
Dono = The State
Descricao = Fazenda 13
Extorcao = Ninguém
Veiculo1 = 411
1color1 = -1
1color2 = -1
Carro1x = -394.22012329
Carro1y = 2239.07495117
Carro1z = 42.17278671
Carro1a = 287.45794677
Veiculo2 = 411
2color1 = -1
2color2 = -1
Carro2x = -392.59707641
Carro2y = 2234.96533203
Carro2z = 42.16878128
Carro2a = 289.71875000
Data = 201
